10000 10000
75 624
28 219
197 179
99 219
21 104
111 237
122 168
431 160
16 679
341 911
420 879
100 538
272 161
460 199
186 437
442 872
440 61
198 868
96 484
316 874
257 988
358 154
61 425
300 343
28 840
407 507
106 13
376 849
312 691
288 433
249 20
16 583
358 331
166 437
74 16
408 74
412 893
474 290
234 695
387 89
151 111
40 627
83 145
75 77
413 300
401 241
465 835
438 333
287 116
246 270
148 543
425 332
304 25
26 221
31 602
171 6
216 579
292 575
434 180
338 119
381 221
222 775
141 491
6 195
202 750
227 95
468 873
204 855
499 177
294 602
105 505
497 399
307 293
354 895
113 758
169 493
242 110
352 732
347 404
40 937
27 386
472 113
19 781
344 315
479 797
163 705
13 573
161 962
419 813
326 516
99 327
291 489
466 671
262 352
286 654
383 717
402 832
318 139
314 548
463 9
206 148
461 506
69 639
18 626
70 659
217 373
276 998
453 714
279 263
333 953
226 128
100 161
378 248
176 533
35 422
437 696
130 688
387 366
495 805
412 708
419 167
139 715
56 157
426 313
48 367
317 633
35 916
119 588
297 913
396 664
396 923
203 832
110 151
14 420
73 679
285 226
414 560
183 333
451 690
43 517
161 583
177 799
413 608
319 943
411 228
238 515
439 539
453 497
26 466
126 580
153 607
258 355
147 647
242 867
341 222
355 558
453 327
214 171
393 301
140 632
186 714
335 846
346 261
134 4
401 145
110 375
450 667
286 968
462 892
455 965
403 345
243 61
442 207
403 782
105 827
11 762
75 8
459 962
324 586
255 592
13 283
494 339
11 676
75 863
152 111
31 356
411 690
307 576
395 647
129 207
478 753
420 826
442 337
93 13
217 978
79 126
353 170
483 91
182 722
125 538
455 472
354 543
474 323
206 354
260 190
379 567
76 617
378 18
171 580
22 394
433 405
359 701
361 140
189 252
174 93
193 113
328 798
483 878
69 114
357 568
202 37
86 60
260 761
154 225
327 736
9 110
175 339
443 109
194 186
327 832
299 349
59 474
212 499
82 490
466 368
467 324
135 972
89 432
256 962
272 495
420 622
191 179
321 451
398 998
186 420
290 78
201 785
26 600
225 101
492 818
39 661
233 653
120 131
65 971
358 268
315 805
216 246
112 696
7 223
316 17
194 306
377 319
320 667
191 464
241 21
193 846
222 841
178 515
469 74
134 275
457 463
123 826
157 664
151 70
235 565
83 205
486 659
29 425
464 65
369 667
274 26
73 871
89 419
279 799
211 408
323 490
8 66
293 390
137 356
436 251
342 662
372 298
315 185
58 583
273 948
473 42
130 238
390 268
7 717
107 320
320 166
33 607
337 334
249 26
299 617
432 969
264 201
81 193
379 706
219 286
220 627
402 813
256 663
351 421
211 789
455 590
453 964
303 859
331 795
134 421
466 633
11 568
1 72
166 249
96 167
372 576
143 80
313 898
119 430
262 563
467 892
175 514
55 538
118 93
210 945
385 727
180 474
184 631
154 433
375 986
96 864
322 36
143 553
154 147
101 787
339 933
174 322
106 227
445 280
334 165
62 16
461 488
464 565
408 358
385 950
407 853
229 444
245 330
493 31
396 567
65 566
475 387
64 342
417 25
462 630
178 244
3 744
79 713
22 681
474 189
460 485
326 457
22 981
456 667
491 770
303 399
91 255
166 253
201 954
459 597
128 219
54 344
53 368
14 801
274 720
119 181
9 942
149 870
254 361
412 798
307 226
361 738
439 693
351 12
213 660
217 630
178 728
43 724
260 97
299 617
124 232
183 397
194 427
452 325
155 361
281 787
172 359
147 912
121 73
343 383
96 237
359 900
100 261
61 253
40 643
490 184
156 586
217 749
310 82
66 517
132 109
66 779
149 400
196 945
97 476
361 399
411 125
380 720
258 738
467 813
409 222
130 222
206 806
378 157
180 485
116 766
345 620
411 157
172 14
98 718
276 867
498 402
48 339
264 488
72 502
494 595
411 18
92 843
254 500
461 622
302 250
481 856
402 264
441 689
468 673
237 342
280 265
290 282
268 329
288 839
338 483
317 639
495 718
3 392
301 164
207 687
163 730
334 500
359 527
312 383
401 281
218 625
450 109
144 775
128 813
252 562
140 959
181 226
135 747
16 604
61 413
191 745
387 476
335 569
256 18
195 96
363 550
241 768
343 958
109 623
50 248
247 147
206 99
78 483
445 801
270 911
164 984
202 427
198 850
471 400
313 465
63 227
382 391
189 666
193 957
408 652
292 594
318 241
16 959
299 82
331 776
234 674
220 197
131 445
384 410
182 487
3 716
99 185
282 685
43 376
490 138
369 694
404 779
140 188
498 410
117 8
303 840
364 412
59 260
47 591
297 221
5 489
208 202
360 529
255 120
270 416
168 885
34 963
76 234
306 725
297 982
407 788
467 128
407 877
491 269
390 434
425 83
464 523
65 781
310 523
57 816
131 468
113 237
45 917
291 897
4 587
3 553
186 494
265 49
367 678
242 671
275 85
53 532
338 871
159 891
320 47
45 933
409 139
424 284
186 91
168 902
177 134
426 892
413 511
200 212
42 422
19 267
191 505
295 607
236 508
20 325
366 758
137 830
145 966
416 536
418 566
125 194
257 655
356 351
153 301
108 30
481 109
246 745
33 660
404 854
218 570
398 763
369 391
390 909
403 180
355 626
341 501
177 917
6 901
267 170
145 875
461 586
31 900
62 145
106 368
429 783
439 121
24 4
121 226
121 232
38 173
256 769
462 832
404 950
169 552
113 476
2 246
27 999
290 185
289 627
121 453
248 411
7 690
309 970
357 88
48 208
163 266
47 303
161 808
254 447
289 913
32 446
12 816
174 124
150 751
498 239
163 585
75 490
127 197
151 931
150 344
457 909
413 241
372 219
228 987
239 758
160 287
143 680
334 224
66 554
492 307
441 844
456 982
256 275
223 256
393 280
248 210
194 678
485 277
127 324
124 475
471 276
102 370
282 666
73 423
271 385
24 799
86 499
167 636
169 760
10 413
95 529
306 679
209 597
294 243
120 315
420 456
395 361
496 787
1 940
168 979
385 681
173 26
386 308
68 617
325 671
461 371
265 77
120 286
317 248
49 941
144 776
126 121
285 108
173 856
264 694
272 934
141 10
427 20
471 799
109 311
496 241
375 67
395 910
395 647
362 184
249 98
473 874
358 510
250 119
63 828
55 7
372 944
65 211
32 206
226 547
143 877
126 670
5 60
157 130
439 154
324 229
383 370
296 435
177 207
499 496
347 108
306 544
401 671
18 325
485 471
180 322
365 556
455 198
162 606
243 730
39 48
247 174
267 342
286 97
247 341
302 544
432 570
129 321
162 629
497 896
385 863
379 474
177 899
55 496
451 425
221 822
52 344
239 85
436 293
329 157
139 351
301 839
83 709
120 778
136 338
24 972
242 127
321 940
123 466
330 277
464 862
179 102
277 603
44 224
219 663
299 263
370 221
198 461
255 789
324 171
175 932
261 569
432 398
448 80
120 665
52 454
316 724
422 921
387 696
202 360
235 589
210 951
59 16
31 457
226 395
35 411
38 789
395 974
320 44
422 605
260 217
289 744
416 515
432 217
498 575
353 301
361 598
100 340
467 575
167 149
32 646
462 227
394 133
250 445
26 826
117 813
6 849
477 534
463 596
143 812
61 968
469 519
460 218
183 440
29 818
109 287
234 750
298 771
282 730
481 508
229 199
359 654
498 137
348 247
378 862
5 883
472 916
123 293
493 834
429 609
90 441
355 200
184 916
413 547
187 894
42 892
98 547
455 433
250 434
39 42
140 297
384 494
268 770
449 872
408 61
217 96
98 221
340 111
221 511
201 875
429 480
20 596
360 415
393 806
180 171
444 816
22 118
358 60
125 426
184 241
408 907
143 269
176 477
260 590
246 295
233 267
39 961
67 358
232 810
413 85
116 325
97 201
248 932
261 887
358 93
165 349
490 76
55 79
357 842
179 635
146 493
260 50
153 280
131 416
490 900
435 165
27 646
92 333
137 811
68 93
192 290
255 727
441 737
213 136
44 491
261 984
370 256
288 209
84 765
332 979
397 13
327 64
288 504
127 84
498 756
7 223
27 81
489 798
270 913
129 630
318 912
466 875
353 432
268 312
16 216
318 759
9 710
209 684
148 506
461 829
430 926
289 405
98 307
165 25
312 629
263 874
398 137
355 820
92 261
136 279
40 50
70 204
139 942
381 514
299 877
221 913
290 409
272 654
353 191
214 377
392 299
255 604
145 279
86 533
71 680
472 221
425 226
166 266
159 590
127 698
36 80
333 952
225 989
331 340
113 429
364 22
393 269
498 68
58 457
420 229
65 552
144 532
310 480
287 632
428 460
412 731
64 427
356 530
372 379
22 949
70 565
210 168
188 579
330 241
314 407
414 395
375 438
200 794
208 165
178 727
99 826
182 694
262 543
378 967
194 218
386 90
359 688
182 223
173 428
40 148
229 874
222 720
324 825
136 640
343 104
181 247
347 120
102 92
383 826
355 623
108 307
141 723
489 197
271 866
303 480
401 701
222 913
102 164
493 825
164 126
42 737
474 320
105 164
285 243
319 991
111 521
394 908
260 464
143 269
337 515
255 559
131 164
194 660
372 887
253 318
481 891
42 281
295 882
97 16
289 892
137 59
230 262
15 679
127 280
342 695
37 552
32 650
132 689
380 28
222 856
1 809
461 697
218 31
254 68
302 660
428 830
313 368
200 646
264 508
379 957
86 739
393 633
127 431
91 548
193 240
403 240
156 729
465 190
122 59
58 288
493 702
425 275
160 29
38 441
188 137
98 469
210 49
262 384
55 49
71 364
416 600
230 176
396 206
34 371
180 518
175 148
197 752
256 25
202 234
162 222
128 312
318 609
226 282
64 468
393 501
158 882
10 421
157 606
186 65
227 360
222 335
12 297
235 809
308 537
334 720
289 231
143 169
53 825
55 405
356 212
169 21
383 198
75 93
431 674
252 521
247 629
220 518
471 582
450 802
259 315
93 534
200 282
158 538
1 380
221 930
452 521
274 536
226 64
118 91
400 262
110 254
320 537
55 387
87 125
175 354
428 55
191 268
309 88
13 413
341 964
191 218
74 731
53 599
115 584
252 892
12 520
299 337
313 565
15 271
228 780
301 17
351 36
479 595
62 705
179 482
236 847
74 636
236 682
409 225
230 445
300 58
279 801
116 305
113 545
259 345
327 141
245 735
316 891
181 962
306 852
44 359
496 422
350 632
56 717
3 358
431 992
459 692
314 266
113 854
58 429
123 98
450 534
411 685
291 141
430 129
184 523
362 822
448 969
174 199
249 686
18 102
294 689
296 979
23 736
437 144
163 289
85 256
426 791
30 970
192 424
302 401
406 212
102 878
100 583
110 640
94 171
163 26
111 584
56 109
487 78
188 960
196 317
491 702
487 250
55 319
188 732
208 929
315 384
31 160
212 554
327 803
205 957
438 857
391 613
391 892
278 658
259 549
373 824
365 17
162 213
229 922
125 179
237 873
319 7
203 994
188 216
437 616
61 100
366 252
88 63
324 376
373 278
102 88
90 475
140 171
345 722
89 438
336 531
152 705
390 552
394 407
184 562
423 16
206 695
191 793
375 880
55 223
42 312
120 912
495 54
387 907
230 87
426 144
334 837
286 746
136 229
441 812
340 936
410 18
248 504
254 994
141 590
389 107
159 801
314 589
417 233
283 745
375 356
57 786
345 105
218 787
193 444
472 859
209 570
197 487
163 325
115 63
488 74
342 12
426 56
403 543
434 36
216 54
174 315
321 267
351 159
97 773
333 414
334 355
325 279
493 758
27 159
393 366
470 635
265 1000
417 663
168 199
307 838
213 745
81 947
84 187
11 711
15 119
392 555
472 500
441 769
342 551
445 814
197 737
86 627
187 913
463 404
413 836
245 672
139 506
154 811
499 306
164 56
203 857
270 787
13 727
258 862
267 58
423 530
195 863
319 824
312 670
68 336
161 502
438 154
337 873
316 668
444 81
172 148
34 27
4 534
450 627
458 503
128 856
498 818
42 969
371 355
447 736
263 715
264 334
296 788
256 391
251 478
391 664
74 289
287 750
156 955
226 952
139 220
194 296
75 928
454 598
389 932
308 118
450 837
100 467
405 662
484 219
47 9
31 829
126 904
383 689
427 179
346 151
416 196
177 506
156 610
136 62
237 923
20 136
92 198
298 429
375 520
52 758
356 764
81 586
300 536
381 820
82 606
338 135
84 737
124 695
275 49
352 298
227 48
115 422
485 101
481 445
457 457
328 255
162 681
85 334
248 83
250 432
483 604
485 672
157 961
260 150
366 772
353 936
387 146
264 385
61 515
363 898
386 690
393 502
49 502
306 474
142 559
134 356
292 813
363 531
94 413
485 399
395 205
184 307
229 947
12 48
13 680
380 404
152 787
163 67
397 940
264 724
298 869
12 968
304 840
38 870
339 221
302 355
460 346
144 664
445 225
346 676
435 108
29 667
118 204
265 367
222 210
344 343
52 269
345 725
111 798
399 780
284 400
391 401
459 861
94 657
443 716
127 380
452 511
26 928
204 748
432 361
105 730
346 440
420 135
160 858
172 535
329 42
37 552
73 537
155 452
150 629
116 206
355 48
324 872
182 282
206 349
71 553
456 186
165 593
134 195
430 679
281 403
462 370
154 699
308 540
376 791
183 156
34 134
205 880
376 145
261 754
208 53
195 992
288 540
454 305
375 64
266 44
25 722
30 403
407 914
195 264
282 824
89 671
22 291
493 157
262 552
357 367
439 797
260 37
410 950
121 240
37 479
421 122
128 315
182 941
52 693
279 344
133 230
57 69
317 822
141 166
240 750
47 233
377 101
361 897
32 81
365 759
270 528
54 856
110 512
198 249
293 884
475 721
289 888
67 942
137 759
46 275
360 738
206 464
451 604
467 250
396 332
142 917
132 419
234 39
127 375
309 982
15 918
72 653
406 719
318 507
188 254
447 933
80 646
228 565
305 604
489 930
109 609
201 162
401 480
401 237
132 473
39 261
352 653
33 707
8 611
71 979
85 578
486 362
383 176
265 735
300 443
443 472
74 550
46 639
336 158
170 101
407 805
206 364
390 759
464 995
452 955
110 198
427 589
483 565
121 233
262 102
474 658
23 29
101 532
472 955
144 22
30 516
337 717
380 269
159 797
142 406
156 649
474 237
68 29
131 923
441 993
187 723
353 601
291 832
25 203
300 574
251 224
376 524
138 679
389 112
409 215
221 211
409 19
495 23
235 531
29 294
397 832
31 813
175 744
487 585
14 411
105 960
260 340
13 636
395 508
354 723
138 276
225 386
296 970
494 484
444 79
419 381
300 166
275 820
398 982
260 840
372 275
488 970
295 530
152 212
218 220
454 96
224 670
389 292
35 606
119 940
391 240
446 433
366 378
458 817
425 492
94 998
467 885
340 387
392 306
110 925
89 31
323 918
330 667
286 64
412 999
5 640
220 8
168 777
339 821
145 571
108 642
452 698
463 599
310 460
303 835
147 686
87 733
418 38
68 660
432 614
6 261
45 63
59 189
13 749
332 655
155 546
282 384
134 893
428 514
70 828
32 638
394 559
87 781
457 535
461 161
481 239
300 471
458 546
216 16
317 533
55 704
101 366
233 254
118 382
459 926
83 827
227 819
159 312
103 441
180 113
287 569
464 938
76 446
453 888
19 769
91 90
249 832
351 352
460 748
285 973
18 938
302 721
325 906
355 866
174 407
315 405
305 102
315 95
213 506
494 585
440 151
219 691
326 406
296 751
179 873
394 322
402 88
6 703
404 242
106 613
476 415
184 273
419 630
415 871
387 475
372 525
204 220
458 152
191 995
121 740
55 830
107 326
472 950
196 892
297 829
104 559
249 171
334 975
54 914
211 200
178 377
99 61
481 614
276 906
150 672
265 654
234 403
496 264
222 69
431 104
17 17
19 722
333 882
99 927
312 762
132 637
462 43
481 472
161 398
476 88
77 546
193 525
45 496
6 424
410 725
260 316
58 511
362 197
364 491
339 776
14 174
441 739
447 970
111 662
78 220
75 218
174 396
392 313
300 133
293 639
462 701
23 199
134 903
315 625
114 679
172 562
196 965
79 380
441 695
76 304
54 80
424 593
247 37
411 675
492 457
80 588
68 519
119 817
135 904
202 724
151 630
3 21
111 609
125 511
84 255
17 693
87 633
320 52
395 20
250 658
131 501
36 959
319 201
400 467
207 580
25 992
179 496
499 818
225 392
68 92
80 661
337 53
163 121
430 515
354 402
236 542
142 345
468 520
66 276
48 836
173 881
153 237
431 468
381 776
188 27
304 932
38 656
190 304
213 670
331 447
191 207
453 232
166 29
325 120
67 704
496 308
73 576
333 809
5 940
364 183
130 42
100 382
56 487
292 527
421 761
239 854
4 195
10 95
58 641
231 847
373 253
439 963
162 857
18 143
334 38
182 488
133 620
133 570
140 139
348 34
347 530
277 59
292 166
39 427
157 157
181 403
404 658
127 274
414 36
3 212
183 931
363 298
260 299
486 241
356 868
122 759
107 160
477 459
119 351
463 453
217 672
79 502
376 393
68 641
248 472
290 537
147 755
192 685
22 733
384 378
374 362
365 104
461 493
13 696
113 255
195 788
241 171
202 935
105 432
27 462
68 719
219 719
421 845
13 649
149 699
190 45
388 116
122 92
153 255
426 793
271 654
439 48
449 454
270 574
276 720
60 227
459 911
75 366
303 347
389 583
48 557
445 619
36 828
460 515
375 527
207 14
383 756
422 473
241 977
142 532
367 473
478 655
219 73
246 700
348 371
177 111
147 90
293 787
177 696
472 254
339 973
214 472
146 41
128 1000
233 315
283 536
227 642
421 394
401 45
331 955
51 998
292 247
18 668
89 13
343 657
6 956
365 681
447 54
248 492
370 492
25 398
332 323
500 149
483 253
201 322
35 442
170 580
371 705
253 777
258 74
362 151
201 126
330 786
315 961
50 62
412 510
397 272
374 707
431 184
313 735
104 58
201 250
328 205
342 356
356 26
203 593
394 353
221 730
20 617
402 471
206 207
345 772
113 338
61 818
398 676
90 272
468 683
82 546
481 696
192 536
315 375
433 666
467 945
256 666
441 87
163 874
438 887
250 697
153 884
256 328
43 289
244 225
443 54
106 42
417 382
129 974
371 440
95 541
137 805
479 526
311 689
427 74
368 30
230 858
445 85
427 451
373 654
499 345
87 379
72 530
24 559
422 861
370 420
14 939
364 622
397 524
68 346
465 445
382 836
218 761
98 935
452 717
495 213
104 152
446 985
188 579
219 795
327 550
485 869
385 427
404 516
267 110
94 793
190 517
499 704
330 373
6 312
148 965
351 68
295 255
242 90
303 300
356 858
159 319
265 761
81 117
345 647
340 892
491 189
153 521
71 75
45 54
211 753
174 580
212 132
403 493
221 724
405 886
284 324
491 146
276 657
114 666
376 374
422 172
110 511
279 74
246 589
28 629
467 74
128 25
146 749
445 634
38 344
157 839
220 200
419 399
500 701
367 809
51 563
345 648
179 623
436 335
39 158
306 313
52 819
214 772
125 71
32 839
65 222
364 441
246 767
62 444
168 460
401 827
419 116
198 247
446 277
131 704
336 429
127 18
116 43
81 910
417 682
497 731
158 286
470 52
476 273
64 739
459 856
183 542
237 602
93 290
375 41
477 965
280 20
265 353
333 995
249 997
390 205
500 630
353 815
289 806
156 238
94 507
235 391
54 92
484 628
433 24
110 138
297 911
152 817
14 84
90 740
145 748
476 233
188 480
402 210
352 689
332 918
112 829
107 994
493 156
311 540
147 161
11 145
20 413
62 445
462 910
187 763
337 344
207 326
465 690
77 224
289 925
414 536
297 16
135 641
193 263
132 416
383 805
422 526
249 888
455 264
222 220
408 603
303 587
483 84
64 595
258 263
141 120
148 589
158 540
327 500
414 412
30 842
151 757
135 97
461 527
107 370
394 336
21 219
156 284
232 74
437 228
381 551
319 124
73 309
458 569
175 786
359 755
348 368
150 512
390 26
307 138
127 130
405 969
242 922
423 323
251 370
95 11
295 970
216 632
365 128
486 896
119 140
373 685
300 818
170 190
412 368
45 537
453 345
403 832
467 377
498 137
166 10
307 834
294 982
255 349
32 54
286 312
315 786
439 905
197 754
224 680
103 301
140 621
162 391
98 259
344 368
489 469
439 539
364 745
427 476
109 826
110 758
193 2
367 300
450 431
147 934
115 957
388 351
166 293
323 308
219 517
469 567
73 375
128 773
83 950
423 388
321 159
307 186
335 845
95 682
205 359
126 160
439 229
68 935
103 841
175 176
221 331
155 230
370 688
127 728
304 659
261 78
272 756
359 16
293 881
36 516
377 562
443 966
50 633
462 284
70 26
21 810
150 591
392 268
139 319
123 923
390 168
64 722
90 34
334 201
279 78
208 969
313 455
236 625
54 232
105 824
96 222
463 228
42 112
157 178
317 492
207 615
498 539
478 919
470 256
436 661
420 637
277 634
234 303
210 144
387 482
447 793
385 584
468 252
190 406
411 345
175 208
1 100
271 694
326 87
53 998
398 283
441 845
193 687
36 376
205 37
170 840
455 320
244 573
104 907
214 146
292 270
430 545
260 338
414 16
415 528
118 381
318 228
54 526
322 192
486 260
358 14
154 617
9 117
389 199
2 721
185 931
390 44
437 130
268 97
118 586
235 435
86 300
398 161
493 593
10 564
29 387
403 364
277 357
240 320
445 781
396 957
4 825
44 642
461 360
177 345
368 875
257 815
16 731
364 480
57 421
287 341
212 195
410 39
300 996
194 881
444 720
313 385
94 516
41 695
138 21
7 321
171 819
169 102
377 963
350 17
28 850
432 409
296 206
9 263
477 703
166 407
289 423
186 739
100 925
351 884
279 600
38 2
60 746
339 310
313 827
50 950
215 344
173 313
376 484
238 764
352 269
401 92
61 378
473 28
493 132
193 545
337 970
222 332
91 449
387 576
303 467
458 117
217 832
185 181
493 635
124 237
493 183
89 782
211 385
235 228
2 143
235 134
135 777
271 759
75 647
114 156
39 572
201 632
391 169
94 261
59 349
366 651
491 396
175 373
368 21
400 586
379 128
325 458
442 215
266 3
117 221
34 426
87 373
471 341
116 604
43 456
393 89
194 174
462 484
15 955
300 709
425 320
399 718
331 447
129 556
153 751
112 977
148 882
380 950
59 829
65 616
320 719
456 168
203 246
11 487
450 967
146 649
168 380
95 706
33 147
245 846
141 660
177 421
368 139
69 624
323 951
165 845
198 658
383 905
53 811
338 374
266 664
222 586
18 223
290 810
427 495
246 447
111 426
487 985
127 166
368 97
450 533
369 91
431 537
183 932
4 12
94 40
4 727
254 575
232 809
101 216
493 243
459 31
470 945
11 28
35 283
473 548
264 133
421 619
224 900
271 729
148 34
492 309
349 188
335 520
129 66
363 732
428 798
388 348
457 385
436 837
154 2
417 534
386 48
320 852
461 251
436 17
409 261
267 166
272 431
472 566
128 193
473 397
338 458
375 160
450 649
12 631
27 115
408 89
498 614
91 374
279 373
409 131
312 349
412 58
120 959
306 704
251 592
351 643
352 565
5 539
120 611
8 783
145 69
61 628
421 367
281 234
260 243
295 416
443 690
210 593
263 934
392 702
81 701
208 830
11 656
169 403
238 181
186 903
486 433
97 575
271 578
463 407
438 653
106 526
259 643
470 308
284 562
456 409
302 161
208 783
105 315
233 682
142 704
402 223
437 128
215 667
33 25
500 29
59 283
493 735
13 842
220 665
178 244
62 215
393 652
112 485
340 550
401 383
35 563
463 205
174 959
416 951
21 754
245 933
125 164
249 19
323 421
119 595
463 428
487 827
240 517
436 848
207 720
322 291
453 880
470 939
249 89
411 19
349 782
110 110
279 754
341 968
375 949
475 415
298 217
111 722
254 446
451 712
73 538
248 37
228 741
47 208
234 565
53 776
263 93
494 248
148 19
110 488
219 802
230 607
131 837
221 462
216 21
454 846
60 837
106 261
96 739
145 29
381 250
65 437
309 174
90 964
114 656
303 259
437 555
273 650
54 862
14 686
236 403
33 714
271 566
500 451
53 970
132 40
158 433
117 994
165 555
381 33
200 409
77 271
243 290
291 649
144 757
94 274
491 416
299 706
222 568
372 872
500 266
9 43
285 986
478 56
41 194
340 463
450 142
228 830
187 357
258 402
459 802
435 955
25 691
352 608
413 266
103 99
363 427
460 606
358 669
98 702
12 92
230 118
88 142
423 783
148 541
406 639
240 468
424 768
179 62
353 203
60 971
220 788
207 292
264 384
30 593
65 396
486 681
340 863
54 746
43 291
302 666
260 248
443 45
351 762
427 631
218 364
327 348
117 836
161 902
422 265
95 760
338 842
203 433
481 953
236 178
71 825
229 291
64 347
9 939
417 367
42 703
154 729
94 949
366 754
415 801
494 297
334 984
90 825
3 555
222 805
274 318
132 169
37 946
425 450
56 447
193 489
397 622
126 564
226 678
448 830
31 37
27 457
476 506
329 208
58 993
423 65
221 94
25 347
202 661
136 997
190 217
391 112
195 700
390 597
265 327
215 433
399 394
397 416
499 150
238 632
336 425
235 776
111 626
423 536
32 741
316 354
461 249
169 66
239 984
420 947
472 503
158 706
477 391
433 774
297 395
141 280
441 36
31 671
197 849
173 151
399 922
74 587
139 966
285 425
399 796
291 430
56 239
482 873
356 54
291 524
245 539
40 416
41 745
10 416
180 588
264 689
312 748
345 688
207 610
443 876
410 654
61 326
243 152
190 167
388 373
150 657
166 764
36 848
405 210
93 834
242 19
324 420
37 962
18 575
329 771
184 348
304 351
47 540
407 743
35 435
60 613
411 21
370 143
411 465
131 589
27 445
249 438
120 698
15 45
309 330
188 234
492 384
213 414
124 207
170 871
104 301
462 5
301 696
112 332
85 394
117 547
49 233
280 28
329 187
447 518
189 496
382 63
258 304
368 109
425 87
70 511
126 165
209 287
37 155
96 643
386 379
161 948
187 39
398 327
302 93
167 331
386 10
222 513
478 204
336 202
105 404
430 526
41 44
321 697
162 333
10 203
281 709
361 928
224 935
385 989
496 170
77 708
190 271
4 658
94 797
10 431
345 79
217 597
124 729
347 212
173 327
490 798
146 215
143 127
468 151
164 23
42 482
408 147
374 839
472 456
147 570
119 570
80 656
385 828
96 21
469 8
126 928
388 330
230 273
37 384
289 617
215 325
445 635
491 574
9 202
319 220
128 788
223 60
75 677
101 907
280 870
400 69
100 552
4 288
457 572
402 580
272 188
394 143
421 87
260 958
185 545
219 150
127 561
214 684
278 312
249 409
177 935
256 579
200 151
355 48
390 110
430 796
300 113
345 380
485 301
442 235
18 211
297 566
180 548
121 124
268 424
393 496
426 253
182 993
53 230
439 105
234 970
412 149
311 639
356 221
134 54
365 77
113 240
393 139
196 178
230 98
41 573
349 214
76 106
420 968
44 596
205 77
368 469
206 962
465 870
199 578
235 201
225 428
170 601
296 894
455 965
467 831
459 480
114 268
83 389
84 433
348 377
282 930
277 777
35 58
483 374
130 643
297 374
246 199
108 421
276 512
448 500
318 515
331 560
398 642
6 774
80 817
398 702
48 521
389 373
151 996
341 416
353 32
235 517
288 808
104 292
55 254
272 383
141 78
300 622
166 511
349 710
418 755
186 626
65 290
3 282
211 609
38 419
253 409
106 655
43 637
429 199
299 275
430 526
86 951
260 472
258 405
258 491
472 918
423 829
143 332
59 70
433 697
99 735
464 397
105 819
499 111
40 821
162 78
67 922
139 71
95 777
71 434
478 960
380 177
149 992
276 329
174 851
334 796
339 877
72 437
373 890
280 85
256 302
243 54
234 107
187 111
250 662
375 599
240 498
449 677
126 418
403 847
104 585
298 945
63 588
375 553
154 522
39 225
350 643
357 948
160 159
110 709
461 184
232 788
337 803
15 298
171 875
216 575
244 7
78 922
134 4
355 193
99 454
330 625
154 75
270 856
409 704
192 545
451 96
344 241
280 882
14 888
131 291
319 553
131 397
452 773
173 958
474 156
269 195
7 654
255 526
497 762
256 981
281 965
469 542
169 781
179 520
482 334
104 291
67 941
476 115
70 979
324 441
182 596
95 571
252 416
34 548
198 538
314 703
325 655
54 128
378 889
54 580
19 725
482 426
34 786
96 298
410 60
486 141
106 551
454 252
83 519
358 158
53 871
406 429
300 969
235 856
55 166
335 238
325 654
146 641
204 953
19 929
18 503
119 675
90 414
325 153
150 306
424 531
422 338
461 799
354 761
135 957
303 561
355 446
200 447
304 111
311 499
376 768
73 838
441 586
193 697
133 263
135 91
415 76
381 171
82 693
163 927
331 56
408 149
325 5
8 704
383 172
272 526
208 119
282 255
189 346
425 264
138 656
317 224
272 56
223 418
478 608
3 797
191 704
101 121
126 954
178 227
103 88
23 26
426 599
491 987
94 587
45 634
311 412
76 258
262 967
222 247
68 47
251 738
374 917
366 252
17 949
40 854
246 284
376 649
155 903
339 770
246 174
457 680
229 457
392 249
374 697
299 481
377 594
77 317
65 335
368 511
160 423
455 627
41 415
200 625
122 272
66 307
153 362
318 858
375 497
272 757
388 367
163 530
105 146
59 607
435 831
217 914
395 119
116 320
319 761
469 772
428 953
12 40
420 568
266 280
178 315
130 309
375 720
432 920
55 142
31 720
449 436
46 365
399 325
349 517
126 299
449 96
152 578
81 679
407 438
122 178
133 472
174 706
164 196
212 68
476 566
467 431
130 111
363 656
60 410
48 468
302 468
350 653
443 251
277 137
229 14
386 600
449 70
210 484
106 700
285 741
487 715
401 326
455 974
233 162
137 749
400 460
480 100
66 157
393 461
204 366
294 32
347 17
205 599
111 147
78 527
189 61
385 428
239 955
496 379
94 916
31 334
228 748
280 188
240 438
233 703
263 518
268 154
435 254
390 251
349 703
211 901
407 802
70 393
412 839
312 70
139 767
49 398
190 93
381 723
427 682
68 18
452 17
373 206
68 487
132 833
265 431
466 511
102 326
152 307
488 2
219 949
45 216
408 788
237 527
220 321
437 423
445 292
408 22
321 476
376 780
466 697
493 813
255 435
192 111
82 176
99 508
94 154
131 890
195 360
457 746
220 527
293 854
285 191
260 430
349 642
209 780
301 739
2 831
317 452
40 757
214 859
477 853
301 213
236 764
443 818
234 253
170 116
431 518
147 923
306 105
252 850
362 793
488 168
129 974
149 31
458 522
117 681
186 804
264 348
382 165
20 107
320 290
274 720
271 545
500 774
144 719
280 404
346 473
484 735
272 466
2 270
242 476
426 356
354 98
161 713
72 310
237 554
31 63
99 203
253 717
220 346
468 608
42 302
123 829
188 272
165 266
421 32
136 813
454 603
209 511
199 619
258 535
47 728
15 285
165 358
425 939
90 247
272 147
104 938
404 989
337 387
139 839
241 38
64 611
188 990
79 251
336 843
108 296
41 276
289 403
321 136
123 699
230 699
451 217
322 167
45 505
379 769
358 386
287 702
471 70
489 326
124 798
324 320
470 400
488 926
163 371
171 185
95 141
242 168
429 898
111 542
422 440
133 882
85 609
406 138
479 744
357 34
69 903
208 146
212 777
491 646
318 876
74 546
110 993
327 733
498 542
108 237
359 587
292 500
114 413
7 386
429 72
199 547
236 984
20 649
114 473
367 789
499 109
415 490
78 870
100 251
13 469
9 663
360 18
259 249
408 741
486 645
342 77
99 911
51 799
83 782
172 657
304 178
280 463
137 682
165 509
311 353
200 270
265 385
181 229
7 992
459 507
262 579
256 672
478 648
500 5
478 960
134 849
129 21
375 138
173 248
481 230
120 519
79 507
120 133
27 532
487 442
91 125
316 476
393 657
236 662
173 297
345 760
392 224
346 535
254 765
247 710
356 241
328 541
36 242
40 330
280 431
488 85
264 516
115 625
419 648
108 95
220 877
310 220
127 544
65 479
27 18
338 284
64 406
411 220
24 276
350 864
77 709
473 491
467 32
152 936
220 148
239 941
163 911
28 774
161 919
103 461
133 767
219 112
135 636
180 203
95 680
65 480
3 575
315 540
54 369
210 20
163 319
181 735
353 304
209 550
304 118
387 865
344 389
185 804
240 500
427 915
133 192
22 921
88 357
258 119
482 350
98 178
63 903
393 558
438 232
54 834
346 29
478 388
495 532
21 823
338 455
282 90
87 890
88 323
350 199
453 964
236 376
112 644
454 229
475 801
434 839
54 380
29 588
119 270
292 44
70 634
267 2
47 778
307 520
345 519
484 668
193 355
202 47
375 273
47 817
168 168
225 773
458 868
271 458
420 829
2 812
201 92
382 840
166 339
139 864
205 500
205 918
213 117
66 3
232 690
38 234
120 907
187 649
37 600
478 816
437 395
225 158
37 981
255 480
224 907
97 906
105 954
339 987
354 385
110 548
354 142
107 474
386 811
136 124
356 114
37 263
332 679
197 440
495 549
138 89
480 700
459 904
469 498
33 500
95 607
452 794
134 805
114 575
127 519
416 286
2 641
16 748
170 97
415 755
479 437
499 652
335 477
404 848
244 906
79 505
93 8
39 820
255 319
135 538
214 912
471 31
320 38
467 114
429 218
9 167
452 212
255 345
293 311
139 236
207 189
253 98
412 426
150 211
462 717
462 643
124 484
309 687
178 624
354 16
225 81
444 243
135 675
340 624
69 817
10 530
85 208
11 798
219 176
167 519
219 494
336 593
9 741
75 621
235 879
429 301
82 343
249 57
39 248
103 136
252 691
156 699
435 829
61 710
127 183
69 568
281 539
247 678
124 35
439 403
407 747
88 98
431 666
50 415
165 53
341 347
69 638
85 446
69 307
59 58
351 921
364 382
196 202
101 304
437 725
211 871
404 565
211 495
40 332
76 862
72 906
100 607
157 208
101 981
286 58
377 722
320 405
196 792
1 997
16 536
254 787
493 602
420 364
162 860
426 93
120 446
77 13
109 157
292 500
144 246
482 731
299 630
297 428
309 63
60 364
365 254
320 669
491 907
443 873
486 985
173 83
305 182
19 816
313 821
157 151
218 922
6 365
398 902
455 164
207 964
188 205
433 226
26 203
275 836
22 210
441 13
308 680
122 592
32 147
139 543
76 347
123 193
34 697
156 473
409 32
334 300
30 50
255 108
130 462
447 707
424 961
4 209
232 875
361 466
465 532
462 154
50 119
332 747
461 621
275 400
380 989
127 546
254 890
46 139
300 134
242 41
210 102
368 190
484 901
177 797
500 661
108 71
415 507
307 471
12 499
169 627
496 381
156 213
247 414
8 680
149 913
192 398
232 607
171 689
49 605
290 81
341 918
116 134
486 632
149 527
167 83
240 450
292 255
58 316
225 933
288 747
124 577
197 770
329 542
271 101
14 843
252 318
411 613
10 231
416 925
327 809
393 587
66 52
445 275
106 72
161 991
482 404
351 445
489 957
402 971
7 865
376 784
251 243
231 988
226 674
265 594
67 718
218 389
177 971
38 418
62 737
51 61
170 674
91 382
96 190
338 116
398 844
75 442
3 330
273 210
220 358
36 160
235 622
463 792
352 93
28 435
132 767
414 237
380 863
287 562
450 742
318 595
450 23
118 844
324 553
336 144
360 301
301 990
257 160
400 29
319 963
314 622
11 121
27 618
356 929
480 244
243 621
82 23
78 434
458 323
130 625
476 44
266 405
113 692
431 174
396 27
253 941
401 892
66 33
457 689
326 953
161 225
71 267
53 641
486 69
222 529
169 994
238 400
470 927
396 955
348 542
308 874
280 811
469 859
427 933
297 868
430 135
420 315
94 464
19 616
22 967
375 421
253 611
262 324
256 475
177 546
468 113
283 123
43 172
69 62
125 758
163 266
293 259
293 937
269 891
489 116
18 58
56 271
331 166
139 159
125 312
429 777
315 239
226 948
330 281
198 506
220 716
426 923
21 532
421 291
186 37
263 397
58 156
350 592
377 81
290 873
487 520
31 968
245 472
297 991
182 746
187 281
140 214
18 272
403 211
120 122
271 591
396 948
102 662
141 47
237 517
123 666
275 369
468 56
482 171
483 356
85 759
81 786
377 166
92 976
444 745
113 21
242 278
5 416
166 632
60 540
353 674
337 131
334 412
167 984
46 129
260 234
476 704
295 966
291 754
128 627
362 627
229 356
457 493
461 914
143 937
343 56
199 184
388 323
490 625
161 313
325 179
361 353
7 781
118 76
74 363
93 442
363 12
239 272
66 203
125 176
175 107
99 122
150 950
25 458
289 335
426 842
39 118
78 529
83 541
13 684
446 649
480 868
294 171
56 760
323 343
185 404
123 20
112 42
145 613
252 913
490 992
309 683
204 485
226 811
18 193
353 366
300 236
73 513
58 727
463 588
79 282
316 494
296 445
110 505
422 549
364 526
264 394
299 564
241 87
110 174
346 297
382 83
54 19
179 682
169 425
153 372
18 732
486 500
484 734
119 669
352 406
182 68
73 230
59 686
96 163
325 986
313 301
19 802
229 864
362 70
194 129
262 505
388 301
421 872
393 895
150 313
371 32
13 696
20 308
394 864
318 530
492 616
421 700
57 267
178 137
211 605
345 55
493 155
37 404
134 58
478 751
313 218
15 547
494 36
193 20
211 690
324 436
291 519
45 952
195 839
119 943
106 607
86 75
31 336
145 427
168 128
410 783
396 250
384 806
480 407
164 413
399 69
324 633
85 919
116 559
42 885
302 121
182 93
61 644
127 610
492 488
316 388
275 592
329 816
178 634
388 754
185 121
182 216
132 609
103 896
212 682
345 853
341 17
368 470
130 339
14 80
190 980
401 765
176 360
177 405
429 895
158 484
224 430
459 891
391 123
292 531
392 833
493 504
222 477
79 147
405 856
259 162
415 727
33 884
397 927
418 511
1 653
217 933
233 445
271 399
344 904
161 760
164 644
282 605
456 551
60 154
142 11
375 585
443 361
80 832
438 487
400 480
127 475
286 133
345 693
29 355
69 184
437 749
20 98
183 540
423 93
7 222
118 508
209 852
151 481
436 89
247 582
415 432
65 667
144 509
174 520
357 223
205 163
445 828
400 68
5 469
67 623
479 772
19 634
90 316
245 656
50 831
256 877
126 565
213 803
292 180
285 924
217 707
260 81
460 20
460 546
499 329
468 703
220 622
286 799
414 103
499 726
328 163
345 692
105 625
29 428
289 962
459 491
243 360
306 842
87 509
304 876
326 903
234 396
36 283
308 529
56 887
15 267
270 116
111 163
29 132
307 822
184 600
422 459
479 509
15 693
186 408
21 754
249 520
73 965
288 731
419 9
461 187
35 591
364 882
96 314
54 220
437 537
317 229
388 652
110 795
123 779
104 292
377 300
209 819
61 947
63 335
173 238
16 532
94 746
353 118
329 56
439 267
145 324
87 449
15 784
192 937
234 284
18 362
125 681
285 448
338 614
234 390
105 338
18 297
291 51
309 407
287 119
49 497
486 208
346 789
181 149
224 663
249 664
91 48
466 490
234 671
108 973
204 888
162 851
134 866
132 795
257 726
392 421
495 676
79 182
8 936
477 701
79 317
434 38
280 944
314 903
416 529
176 538
127 749
314 371
173 704
416 234
317 513
54 162
190 118
450 275
274 42
407 510
268 484
390 336
64 802
71 216
366 605
480 555
487 822
440 376
387 818
239 432
328 370
359 736
257 446
114 722
107 419
31 465
480 363
50 452
412 68
316 612
261 563
454 241
489 114
172 2
363 64
369 884
191 360
417 350
461 597
259 490
489 772
17 877
6 394
176 19
388 656
76 861
184 612
468 852
129 98
322 203
170 538
334 360
293 172
479 99
438 50
101 586
160 804
89 644
119 866
98 404
239 333
133 385
128 735
120 612
426 173
150 817
175 185
298 362
315 493
48 968
499 597
492 451
153 612
347 548
391 378
47 17
310 868
214 193
420 532
444 481
157 363
436 806
227 492
489 131
228 99
78 525
329 574
44 565
24 219
143 726
105 306
14 697
200 652
495 181
369 612
6 154
389 692
104 248
277 492
467 643
493 303
236 458
19 630
274 608
352 577
313 434
417 106
361 323
230 309
368 597
387 894
469 832
215 809
98 576
454 527
125 145
362 504
370 574
338 956
28 68
241 334
105 280
160 11
47 976
315 855
441 808
293 378
61 987
19 361
7 341
258 255
489 623
342 334
348 339
157 592
451 96
53 299
251 528
270 565
96 8
128 235
38 71
315 304
145 523
404 85
205 985
364 876
348 491
270 585
450 31
25 819
56 117
437 743
468 25
127 390
132 738
328 856
163 226
55 65
383 616
34 483
481 298
320 900
127 742
433 978
172 51
398 764
185 595
304 562
382 508
249 888
111 760
368 287
72 769
18 756
266 945
99 917
340 425
83 385
312 568
448 696
263 455
335 99
248 658
120 885
107 65
263 770
53 400
260 255
201 780
391 858
155 927
40 211
500 166
249 699
493 665
150 547
381 882
108 41
19 242
341 999
5 672
235 829
346 187
467 952
471 459
228 626
204 714
96 651
131 137
357 288
357 696
472 804
403 862
58 653
340 714
448 120
318 121
141 631
210 457
318 962
248 893
225 92
474 426
24 383
151 377
16 842
119 367
297 666
226 505
273 471
382 484
213 393
73 627
295 58
429 746
56 102
118 523
255 136
17 991
111 14
394 512
82 433
401 44
70 262
352 580
140 416
417 926
431 121
209 760
486 766
388 94
290 811
379 909
62 183
289 1
359 385
175 516
442 371
118 440
491 646
111 207
28 183
317 689
155 608
420 438
345 794
69 508
115 993
13 731
333 432
311 855
136 655
26 22
500 50
18 931
319 36
205 858
373 12
17 620
460 247
309 469
173 886
253 805
152 481
250 20
325 163
433 154
32 520
427 246
229 173
485 396
35 879
324 660
90 687
19 73
215 428
232 247
149 938
357 697
277 266
4 698
273 737
109 2
388 301
342 59
9 989
163 989
446 480
139 558
431 609
458 670
44 938
493 819
391 319
91 472
425 36
170 803
18 753
121 239
110 476
147 383
163 824
100 596
349 142
270 153
93 417
267 236
362 486
344 584
391 243
269 385
288 407
92 960
307 659
319 744
126 528
238 96
120 249
140 74
64 561
284 163
144 832
244 867
341 18
21 295
282 241
302 662
84 156
97 449
297 984
186 63
120 558
191 127
215 445
227 783
434 362
467 124
291 884
254 395
410 565
440 360
104 846
166 29
282 290
427 902
284 727
466 778
66 600
30 524
193 910
406 818
363 863
318 766
151 384
493 388
325 927
270 235
36 980
168 487
417 674
73 302
435 40
306 210
163 917
263 758
206 379
247 317
476 315
321 95
16 985
258 917
329 297
357 335
203 266
486 468
7 171
207 522
362 547
420 415
201 629
115 351
9 204
495 310
189 123
104 848
281 353
175 23
191 794
34 358
296 481
359 212
364 269
22 554
319 721
351 184
461 857
256 477
302 514
155 174
477 393
352 505
286 999
474 18
434 699
46 422
452 640
127 158
325 688
352 974
427 345
475 351
246 344
40 665
195 980
365 717
37 156
355 274
476 443
177 414
411 522
155 1000
483 71
426 252
482 5
18 782
489 980
500 410
116 298
105 331
361 122
331 251
356 140
462 643
203 54
446 531
194 169
75 148
304 950
260 940
486 563
324 26
175 265
2 666
461 856
237 243
495 237
356 823
215 466
166 523
262 742
235 120
146 472
196 114
239 694
234 639
478 330
487 177
333 616
354 855
387 313
202 289
318 164
39 755
150 717
441 412
18 966
102 207
156 725
396 193
289 102
14 268
389 203
241 60
184 529
294 521
62 661
486 708
37 55
118 565
452 637
480 460
314 723
434 782
403 850
498 802
290 447
101 485
408 541
4 83
356 45
359 175
375 53
252 629
226 142
124 814
241 667
424 867
99 95
219 878
288 230
310 549
289 847
364 216
246 96
370 78
420 515
222 531
42 104
452 532
101 666
225 262
359 638
396 795
228 473
45 958
306 714
87 554
475 736
197 590
444 85
225 692
249 835
349 339
302 822
146 553
56 482
385 172
203 614
199 451
430 258
260 528
442 237
303 129
140 322
133 239
226 883
328 463
194 214
310 856
115 911
414 875
316 687
400 314
396 52
123 162
145 929
152 290
167 271
377 169
250 891
269 835
143 26
458 813
248 171
271 769
271 540
320 108
91 224
166 190
151 871
171 913
148 814
269 990
282 376
177 228
452 45
300 946
39 283
345 751
274 2
466 808
311 732
72 442
193 581
411 809
139 383
27 40
124 713
259 570
343 113
324 904
260 392
253 483
479 813
164 173
277 84
226 435
306 512
398 726
306 558
231 379
122 829
359 463
200 43
138 246
161 665
384 222
63 386
222 792
319 704
307 327
437 104
214 851
310 527
206 392
324 964
251 379
84 679
283 757
377 763
487 972
341 449
106 326
192 29
166 951
475 740
382 580
73 294
160 992
207 889
120 992
18 990
461 563
303 800
167 620
258 377
448 666
10 503
490 175
120 864
377 80
81 634
445 189
413 663
159 298
138 406
481 197
26 300
186 113
308 445
23 330
160 934
302 754
321 333
485 387
422 748
443 501
336 257
304 762
327 833
139 945
267 511
75 568
165 943
351 254
425 640
115 56
270 561
126 930
181 139
217 464
387 848
88 805
190 946
411 491
52 671
360 844
245 99
176 250
390 206
442 410
270 32
423 86
186 930
94 858
291 743
68 727
174 876
100 783
120 427
471 760
275 886
146 413
53 762
2 273
298 225
49 813
447 429
107 827
373 258
448 940
107 971
364 384
316 624
99 268
393 895
402 233
318 968
189 34
158 485
491 789
428 145
91 358
83 872
80 41
245 72
63 311
144 271
383 762
289 125
305 60
33 699
73 533
341 252
13 900
53 715
257 304
157 725
51 983
366 560
432 606
50 980
110 378
138 17
151 311
172 794
2 695
322 121
337 565
253 82
439 98
289 292
438 440
36 733
283 358
205 85
241 523
15 599
363 518
386 587
74 365
490 55
343 980
98 368
188 425
298 883
421 526
407 520
313 942
26 18
470 124
336 40
493 912
437 392
157 611
208 444
379 309
370 645
274 925
457 344
412 257
359 854
212 814
471 632
182 442
459 203
360 960
482 408
198 781
56 599
196 273
411 285
402 719
385 611
344 808
288 882
472 860
265 811
201 331
68 252
293 388
110 992
69 980
160 565
42 953
251 4
16 855
132 733
499 523
210 314
238 414
198 972
47 156
215 811
70 413
78 234
306 420
91 633
9 102
373 656
199 909
310 8
217 214
495 572
242 464
198 120
399 959
392 305
267 183
50 989
105 668
407 828
133 457
228 687
228 912
222 912
20 482
126 482
231 711
147 283
115 712
341 783
138 234
294 494
207 566
17 25
385 440
444 977
438 612
178 25
302 568
490 797
73 390
303 683
358 672
28 272
354 785
38 526
369 697
351 85
463 585
273 448
161 808
144 785
493 581
316 528
443 430
58 472
410 937
48 106
231 161
68 877
143 556
61 190
67 842
340 549
275 872
114 25
447 589
481 821
126 412
116 458
428 828
294 951
31 85
478 327
276 284
252 362
114 16
360 158
307 902
256 519
135 410
243 140
354 871
419 44
77 809
462 321
363 361
89 21
384 376
117 2
58 807
326 150
152 47
288 822
499 77
120 858
251 72
468 186
362 942
215 647
303 827
147 933
189 132
360 87
401 243
395 796
206 76
326 129
319 647
308 191
382 607
244 54
243 82
311 865
15 362
185 676
474 108
103 956
215 214
314 487
230 702
351 452
410 865
276 115
128 634
54 47
28 163
231 827
483 552
393 964
421 426
96 413
247 946
169 296
43 951
184 20
431 193
231 26
232 223
259 317
76 246
302 721
109 458
173 754
59 946
285 808
92 167
313 834
191 990
58 473
147 119
421 646
84 204
120 119
62 933
115 406
374 75
5 850
129 172
188 178
240 848
121 271
32 353
151 769
125 776
425 781
62 301
342 254
182 414
277 874
358 517
209 982
413 299
487 924
157 489
449 67
276 961
285 768
417 24
23 820
316 423
31 62
155 50
446 659
467 321
139 515
443 229
161 574
71 517
211 670
395 561
355 318
369 574
230 563
183 188
328 443
250 940
43 236
396 887
294 373
133 539
477 42
205 598
150 100
207 144
317 128
76 812
395 290
201 167
120 929
439 588
455 556
90 456
74 997
120 370
6 69
50 340
276 536
131 120
381 715
324 253
319 955
301 401
248 503
138 268
186 217
51 242
388 9
20 449
304 123
155 491
421 346
112 46
123 389
7 27
277 728
216 500
403 46
500 225
184 870
26 292
409 91
257 364
330 345
367 287
124 933
37 820
404 500
122 168
51 231
20 54
323 381
318 660
129 145
439 684
231 70
163 545
68 760
391 443
9 501
481 924
67 60
26 819
146 756
99 33
160 80
118 211
62 841
86 935
466 237
212 378
406 871
60 145
424 207
87 471
483 108
121 966
36 678
286 761
60 265
281 858
297 727
421 168
223 205
120 803
289 457
285 947
53 42
445 405
340 264
75 639
25 494
300 607
112 278
45 887
82 339
155 979
147 508
42 174
398 496
308 937
348 413
148 766
235 742
225 453
89 308
225 413
438 147
208 925
246 657
131 938
475 754
353 84
33 304
495 909
398 434
451 825
332 794
431 948
345 59
330 537
83 258
164 991
312 252
22 353
299 625
437 397
455 679
27 748
224 842
129 324
328 667
295 843
307 367
93 805
494 777
99 24
409 578
156 310
263 384
366 978
38 373
453 478
67 513
241 133
127 627
321 877
47 236
109 487
209 908
122 225
87 609
88 403
259 581
261 578
432 351
81 938
140 333
236 135
111 513
275 821
487 937
349 222
208 180
305 604
149 809
410 528
88 426
338 50
271 586
443 202
215 122
185 559
153 786
479 590
142 934
429 677
295 438
58 288
254 627
48 699
416 703
181 769
180 565
335 925
450 761
426 96
299 56
487 218
32 19
168 36
241 424
147 293
345 266
357 507
82 474
448 92
134 301
187 46
107 752
16 876
215 514
302 674
397 513
404 715
142 400
357 168
315 559
358 772
406 171
253 278
452 240
335 759
138 164
84 653
370 181
301 103
388 870
263 857
244 478
174 202
218 378
269 420
225 380
204 412
356 147
353 739
75 141
252 260
368 323
56 159
225 204
59 693
397 396
65 533
65 630
147 414
441 408
351 190
391 318
46 323
479 569
99 528
491 90
458 42
406 426
423 332
255 99
372 87
115 204
64 558
143 577
422 745
327 26
225 687
488 733
425 274
466 54
226 558
462 390
127 675
41 665
70 747
265 76
42 77
322 951
449 363
287 624
351 937
371 80
74 783
252 450
131 385
114 65
374 173
73 577
182 845
403 777
443 645
119 39
47 111
133 604
470 277
61 2
429 855
137 195
146 390
409 452
138 360
199 74
211 757
367 43
299 593
28 41
360 843
168 818
121 220
377 444
16 437
320 567
406 483
134 74
289 924
472 651
401 94
64 170
5 661
246 949
262 78
128 817
467 51
56 407
443 94
21 61
4 944
177 943
209 156
10 734
183 232
448 120
55 300
497 679
392 743
334 310
411 582
54 10
246 325
220 494
372 467
370 825
217 641
35 379
18 100
52 966
108 971
167 162
258 43
159 12
72 593
12 375
230 503
30 67
239 387
84 693
290 268
207 951
38 639
287 50
193 657
457 642
408 997
449 473
41 809
154 422
41 308
220 783
223 362
225 516
360 227
131 782
488 9
189 664
417 481
384 597
311 988
328 410
295 670
139 445
224 134
189 407
199 952
153 102
306 31
143 430
84 343
334 768
474 554
76 267
133 520
303 51
162 445
374 231
278 854
105 863
39 980
381 542
10 860
299 132
147 270
499 655
487 197
188 516
8 422
71 608
298 76
7 140
255 963
15 912
463 380
274 742
202 889
253 483
235 338
404 298
326 190
114 122
244 758
18 888
494 950
286 616
391 205
21 288
314 64
6 269
95 122
294 491
145 62
202 127
36 960
233 951
408 793
251 836
61 497
367 375
356 898
207 994
190 699
125 80
476 922
47 431
411 614
375 213
480 515
68 753
339 735
313 443
207 893
11 583
45 856
305 926
466 610
223 526
338 853
122 259
395 602
479 837
49 969
478 708
72 152
62 881
470 479
494 215
417 499
438 922
100 545
457 423
109 782
369 4
311 469
341 801
177 216
282 239
215 962
94 168
195 533
37 880
55 975
116 706
284 667
447 30
463 477
441 137
123 766
315 69
150 545
133 75
104 68
76 934
212 947
233 482
146 497
252 661
317 977
276 980
434 109
166 89
4 836
397 340
457 497
409 672
493 122
143 144
214 510
387 993
407 938
199 233
134 846
376 144
43 275
362 334
10 888
256 366
124 542
256 161
348 568
408 774
313 975
2 232
222 317
386 872
270 992
285 165
349 194
216 634
427 862
53 223
335 957
161 898
323 18
243 959
442 155
404 181
414 82
135 260
328 618
183 268
100 133
343 719
201 45
221 441
152 2
18 495
451 620
88 575
470 658
301 486
141 786
200 247
469 689
258 74
179 893
458 420
297 889
480 726
276 489
246 192
38 927
484 999
381 533
262 828
459 124
435 191
256 180
473 100
444 317
74 453
373 974
372 184
57 292
329 250
148 501
288 52
5 373
168 437
329 8
242 329
92 49
173 985
350 571
38 714
177 918
80 98
489 117
421 656
480 341
45 516
372 712
19 503
37 579
78 516
215 172
229 903
463 801
298 636
205 149
388 611
30 716
295 643
323 393
276 549
426 541
41 139
415 803
482 104
182 986
245 561
443 811
99 381
2 19
119 913
12 155
154 87
273 438
264 647
351 763
250 582
123 132
56 735
231 110
362 192
124 842
225 366
97 827
135 371
467 313
3 206
215 21
73 516
237 550
286 367
302 307
330 788
167 858
283 544
487 89
250 645
343 827
331 882
245 709
226 329
256 793
39 142
206 459
93 820
85 482
222 985
46 457
109 277
183 199
242 503
67 779
415 193
188 892
435 989
404 833
471 24
292 308
374 734
93 604
265 230
47 171
151 79
12 765
355 939
197 602
440 475
303 646
496 572
301 727
396 32
72 462
39 232
99 442
413 928
200 713
85 59
218 593
250 689
4 438
243 974
231 324
178 21
243 736
274 596
464 522
367 746
162 678
77 807
301 51
83 131
299 626
387 90
258 619
147 549
311 734
54 660
243 286
47 92
115 682
204 395
483 670
255 796
107 983
302 687
122 190
105 911
110 71
212 259
195 467
29 789
239 563
279 287
187 213
360 640
436 540
347 641
304 371
261 308
249 698
177 47
314 188
455 997
105 664
443 510
353 247
109 465
206 726
246 991
185 268
256 705
96 717
207 780
433 257
109 804
186 799
467 215
33 110
132 812
169 69
438 332
424 416
354 95
182 606
229 450
391 882
132 328
8 207
195 878
212 999
278 500
424 845
380 456
231 754
429 245
204 141
357 292
165 326
293 361
285 477
370 354
55 758
371 940
265 656
292 7
312 702
41 74
493 822
31 185
461 424
125 38
27 553
341 503
162 905
406 639
382 193
221 542
263 801
187 437
173 833
225 549
40 46
425 64
332 992
409 595
337 394
61 937
171 633
134 387
372 744
267 695
20 499
243 791
198 419
277 108
258 322
59 202
198 375
251 5
365 812
177 652
112 438
64 78
151 61
387 146
316 477
211 995
1 795
36 796
376 988
367 936
258 899
34 205
257 305
94 58
231 322
372 406
299 605
23 523
430 868
161 828
344 470
56 466
36 529
71 725
377 692
241 833
363 387
493 647
253 724
55 846
252 682
437 449
312 143
82 802
422 976
423 487
142 596
451 429
321 37
32 827
417 146
170 408
244 500
260 855
18 719
293 921
499 939
225 451
133 804
408 66
290 655
246 797
492 927
263 131
36 78
173 428
240 239
451 428
253 604
228 5
20 115
189 763
224 727
228 862
72 612
426 468
341 66
145 670
280 806
421 284
41 693
223 866
458 59
172 589
457 652
465 817
24 776
415 13
164 796
345 210
7 22
387 15
173 953
9 864
452 82
108 224
144 114
485 557
16 502
176 283
410 947
482 788
428 766
434 6
233 323
348 29
449 531
227 947
25 716
134 917
22 572
301 288
174 621
237 996
188 664
331 831
111 683
360 29
161 653
235 7
332 763
187 473
474 372
16 665
389 338
223 212
137 594
464 435
101 918
327 687
351 144
66 944
276 402
122 660
287 276
293 974
345 766
215 701
453 510
236 495
205 924
352 374
241 204
120 321
150 60
84 214
178 511
261 335
69 73
469 114
167 908
377 261
301 794
127 186
164 652
235 464
130 234
43 874
146 964
49 299
226 457
404 706
475 605
391 571
371 944
169 134
259 629
46 684
246 201
93 247
410 5
314 753
34 612
149 496
228 401
56 112
251 635
394 602
116 770
421 452
8 687
469 8
125 183
117 217
178 457
121 212
363 744
369 476
470 754
241 800
195 314
469 737
295 11
35 422
35 550
338 170
61 94
222 105
155 658
430 534
39 922
396 953
296 86
479 208
474 12
489 427
87 472
407 772
408 353
178 927
306 993
155 150
291 772
419 336
307 269
348 467
491 6
10 191
7 679
89 149
299 89
473 560
80 147
479 51
360 548
388 724
296 418
408 439
172 755
264 621
404 346
259 774
408 308
194 189
201 211
94 964
411 274
182 160
379 114
353 797
402 837
332 501
204 882
424 781
129 657
263 265
66 343
76 449
384 11
52 988
378 105
451 12
228 279
244 801
54 351
184 163
197 349
319 186
100 873
20 617
71 751
166 811
281 525
235 571
190 652
366 706
103 987
407 813
344 168
194 69
474 640
420 764
163 330
101 324
115 455
71 314
121 356
293 651
368 659
195 989
350 191
321 777
110 519
431 48
145 588
209 92
412 430
302 376
395 612
265 466
481 123
209 632
314 218
177 953
249 947
441 174
68 867
480 409
361 102
283 860
390 309
372 612
166 745
58 704
473 453
344 245
494 647
92 332
208 199
454 966
372 395
481 294
264 882
309 888
254 104
50 553
126 289
408 383
138 273
207 610
425 155
277 836
318 297
130 29
270 980
167 945
319 212
78 214
110 482
416 48
183 396
4 359
47 1
180 701
59 742
26 192
495 448
109 727
145 778
295 571
488 665
268 531
7 342
56 956
422 804
354 32
211 356
247 207
96 341
229 708
28 615
118 170
143 642
59 718
340 370
48 198
494 942
119 834
452 769
461 242
268 872
11 761
429 326
168 185
433 93
199 326
211 325
40 727
278 938
256 386
25 17
409 615
439 386
182 817
430 677
430 184
432 62
182 2
31 923
114 843
130 88
177 18
335 344
408 975
290 655
199 154
193 470
385 685
122 159
133 981
158 985
325 125
147 102
376 299
308 731
23 591
279 351
123 329
496 576
361 186
252 931
297 222
169 914
276 201
124 75
253 912
378 886
262 801
323 607
168 509
116 69
323 372
152 490
175 346
354 733
295 561
221 860
366 567
375 573
176 882
442 303
497 201
400 76
453 876
394 546
79 799
411 299
199 218
469 697
70 701
437 190
167 763
199 51
361 548
301 407
126 912
288 363
426 520
434 683
329 247
470 775
269 113
481 211
163 626
471 588
227 874
301 132
421 616
408 72
379 997
265 576
305 331
90 894
276 622
222 643
78 665
381 502
269 11
482 638
214 787
272 363
468 354
174 712
24 873
14 539
191 363
457 511
303 948
261 194
458 497
370 323
485 346
401 55
323 294
330 612
109 54
9 341
489 940
276 815
237 445
207 491
210 869
128 918
308 194
355 373
257 524
284 901
286 971
24 881
12 841
346 437
163 705
267 499
163 745
463 604
76 708
282 18
219 515
361 699
265 197
486 200
328 548
271 751
8 842
225 782
324 844
412 921
449 950
344 93
234 191
460 670
116 199
90 398
411 686
74 263
106 246
140 27
272 35
399 218
240 962
159 676
190 272
245 303
62 461
222 107
121 248
481 412
385 149
397 496
386 237
50 754
90 860
327 862
61 992
372 453
57 792
468 140
379 708
394 632
391 764
132 36
117 196
184 431
276 182
182 760
419 640
369 819
234 415
465 528
74 972
226 810
60 654
239 333
103 976
5 924
43 157
253 338
421 857
483 599
133 922
409 61
123 143
479 612
41 520
496 275
99 70
61 143
372 635
276 769
213 981
60 931
456 559
215 747
410 369
432 756
91 82
454 625
321 539
392 715
76 941
3 165
297 462
345 277
178 448
331 846
433 170
369 141
87 587
361 192
295 948
109 477
347 141
213 258
174 931
452 289
158 145
322 919
236 100
74 76
114 732
140 853
396 839
78 313
118 784
251 185
233 816
500 612
48 204
262 657
53 504
372 694
168 521
237 608
159 17
148 836
411 823
388 894
178 525
430 408
325 854
161 822
288 511
384 743
439 301
125 174
167 984
426 257
206 855
16 426
415 788
264 661
290 753
205 729
190 611
233 426
436 733
315 390
395 416
373 423
252 930
79 209
436 109
223 348
163 162
107 915
27 301
448 854
494 715
476 238
289 25
395 567
5 214
153 994
398 924
447 708
242 747
310 817
115 999
472 301
492 619
174 508
428 989
97 456
292 60
230 884
434 240
423 303
79 88
331 858
283 738
382 157
189 103
259 175
404 12
175 957
364 792
365 989
154 595
172 780
475 604
49 788
30 806
123 73
260 540
453 326
439 410
322 68
399 742
315 811
144 358
10 356
12 252
276 30
452 175
231 103
360 92
126 654
352 53
435 591
140 449
339 630
169 733
207 471
197 872
44 141
315 253
375 346
155 188
183 887
407 794
132 980
323 659
174 842
85 389
93 767
337 855
294 354
375 345
381 135
206 862
36 165
268 527
112 206
342 490
383 471
46 899
366 161
423 673
120 760
53 997
434 786
256 726
68 433
441 432
216 100
299 542
290 539
68 254
320 258
73 741
82 280
37 178
488 672
352 895
71 775
487 141
394 335
100 495
326 692
52 490
416 606
343 371
289 734
115 353
466 788
443 453
474 928
154 400
388 271
488 780
353 536
260 397
205 72
286 985
21 75
372 790
322 932
64 34
467 415
252 289
120 589
36 763
465 688
379 644
285 455
264 944
41 115
383 350
236 387
65 484
284 878
168 684
336 560
374 613
471 526
195 69
145 421
193 574
145 647
68 998
267 224
179 467
355 936
313 431
149 178
403 441
426 516
384 836
159 472
246 883
165 203
301 781
41 547
46 646
353 551
450 702
218 313
411 822
35 543
341 384
478 611
328 463
13 527
70 455
360 925
444 317
397 166
370 290
336 505
18 204
108 494
197 933
122 427
4 944
1 832
436 194
317 286
161 622
324 333
216 524
142 374
451 546
159 486
305 770
462 261
290 166
148 157
120 250
331 79
223 930
389 818
242 228
364 845
174 150
50 175
454 643
432 781
348 130
463 124
187 479
379 592
298 847
192 412
135 758
457 443
124 803
51 406
6 630
110 894
2 744
137 949
289 652
100 608
166 557
1 928
199 681
148 474
269 484
140 947
104 104
285 735
286 515
287 852
385 321
450 547
466 955
244 439
169 240
309 57
266 244
217 562
238 487
427 386
223 551
108 801
24 712
125 141
313 482
149 764
478 300
310 418
481 104
443 244
377 407
18 62
496 70
468 346
304 553
209 546
169 143
196 672
38 622
390 883
299 513
66 173
453 111
481 324
184 366
326 85
409 391
361 63
495 308
92 951
72 311
51 672
407 821
220 374
192 115
93 851
429 575
288 393
192 146
87 352
39 381
166 106
366 818
229 6
427 156
378 171
322 274
143 221
492 303
140 540
174 86
76 739
346 636
176 926
213 38
48 96
229 253
449 267
24 87
382 33
214 280
99 684
280 33
475 385
41 239
204 226
313 439
249 211
16 289
379 93
408 498
456 114
498 175
112 416
299 607
412 562
65 736
241 987
307 420
365 92
425 973
341 71
113 159
386 669
127 821
187 638
346 319
395 471
347 106
75 753
478 168
244 743
219 274
438 231
142 884
235 309
5 776
193 605
449 773
329 248
196 680
414 120
467 68
85 967
32 398
207 597
293 804
400 233
398 344
377 690
194 648
336 438
469 80
85 706
338 121
249 123
459 547
283 989
118 857
79 906
136 332
358 389
349 395
237 655
422 785
389 986
286 480
19 149
492 781
362 375
7 819
418 903
479 725
37 43
324 646
259 559
464 883
294 457
390 596
175 139
296 902
60 864
340 996
470 83
43 400
278 964
485 100
207 468
309 982
66 971
212 172
110 472
380 419
261 481
335 143
3 83
351 926
117 188
224 53
168 919
345 456
75 249
48 436
54 434
24 15
9 581
87 714
145 923
235 541
261 492
244 548
303 320
213 481
344 942
412 354
497 307
414 93
208 53
39 377
458 920
261 142
454 265
160 632
46 393
173 240
437 412
51 404
297 722
223 424
169 230
85 684
101 93
292 919
44 90
14 557
55 784
108 222
205 70
248 63
27 170
131 972
184 743
362 78
499 129
19 1
4 739
497 298
296 935
273 703
241 726
366 615
277 848
480 428
282 398
111 990
398 741
33 50
348 414
425 786
27 885
297 391
477 814
112 604
158 687
177 141
98 146
199 271
425 209
85 938
153 999
148 405
305 100
362 321
256 169
397 752
96 69
473 231
128 919
266 250
132 478
117 623
435 421
220 326
361 930
84 319
270 514
131 149
491 741
91 489
148 408
73 281
217 266
253 323
285 870
202 429
492 403
461 703
216 745
46 819
282 117
233 371
498 934
9 68
32 361
483 186
16 114
123 989
272 28
408 626
189 67
72 948
115 296
368 628
425 428
432 407
485 73
7 751
451 141
370 93
68 696
327 277
68 392
424 266
240 179
156 564
62 334
133 391
210 259
254 575
226 135
79 520
96 837
443 346
230 597
442 229
339 218
435 249
424 3
194 354
129 279
46 722
309 846
317 119
279 133
293 646
499 418
291 904
344 954
332 205
312 424
359 494
453 598
374 55
456 520
93 732
119 87
149 379
319 132
499 571
464 726
250 107
341 181
11 847
254 240
491 70
227 92
168 215
46 549
272 573
253 410
385 265
382 172
25 207
194 840
356 267
467 350
312 454
62 448
127 947
485 942
260 847
421 425
283 569
122 752
478 846
349 24
8 55
262 534
296 343
256 738
311 968
94 820
293 38
155 594
133 118
224 118
270 367
284 369
28 738
17 156
436 839
229 65
81 57
364 213
336 850
236 713
125 49
212 689
461 443
133 421
194 815
65 22
374 927
194 523
405 988
167 148
41 986
94 590
286 228
426 217
9 952
117 774
233 430
288 246
377 181
150 7
121 807
395 647
19 214
10 534
15 127
341 151
482 878
358 775
56 146
253 58
44 338
369 282
444 40
124 513
125 925
348 625
360 173
166 25
374 612
236 243
409 738
333 92
275 499
423 684
122 858
18 983
353 87
371 483
242 422
119 786
80 274
117 130
267 769
466 620
398 666
164 306
236 789
380 332
119 602
368 733
464 564
419 209
175 975
219 745
250 896
469 331
339 524
263 500
107 764
447 167
76 151
497 499
59 720
211 39
310 25
488 457
364 705
294 224
238 706
261 254
232 558
6 378
361 899
73 829
284 172
325 676
415 699
157 253
380 820
188 349
133 843
297 513
80 32
41 20
64 681
25 384
130 889
126 969
23 552
14 334
73 20
452 585
448 174
280 817
307 687
9 598
164 53
22 677
208 377
394 556
194 691
255 329
217 72
289 574
64 795
76 351
194 641
208 607
463 369
216 864
89 932
433 697
466 49
339 845
289 581
451 762
199 761
143 167
252 444
324 937
213 402
390 800
241 453
109 958
307 235
302 111
150 8
319 223
200 686
140 497
234 98
110 140
169 537
97 563
325 811
389 540
186 543
340 256
443 879
235 589
317 885
18 705
321 917
129 792
209 517
33 768
133 163
366 323
452 366
277 372
204 599
477 598
26 617
26 185
211 959
231 422
120 429
364 141
39 202
386 220
166 717
342 915
175 781
315 55
189 821
256 732
298 240
145 830
34 881
228 329
91 974
375 647
101 605
289 266
415 488
214 131
498 694
339 11
498 810
117 207
44 568
52 201
423 780
315 461
33 589
210 393
3 51
477 425
435 309
455 585
238 406
301 580
194 248
12 317
110 881
32 229
436 38
475 692
34 741
477 147
104 623
185 897
44 630
247 188
323 435
440 650
132 204
203 897
194 876
297 148
159 707
152 535
78 287
207 469
496 259
217 351
118 863
347 248
450 160
159 335
489 505
106 437
164 138
272 376
265 769
115 471
235 543
169 510
205 68
454 684
44 12
457 507
472 275
305 208
364 936
88 4
412 503
463 42
274 545
496 586
200 279
332 605
269 421
71 810
310 60
330 608
91 226
180 549
318 830
188 655
71 798
205 601
96 803
38 376
347 768
428 63
278 687
33 759
131 989
483 827
408 639
205 99
456 668
274 614
367 653
302 358
494 131
16 271
338 479
270 777
371 536
414 846
340 968
19 725
334 136
55 920
76 573
162 667
64 955
118 878
51 802
173 669
466 861
392 358
190 298
317 931
473 815
439 712
481 490
269 951
297 597
112 490
110 95
429 409
15 942
498 253
363 259
271 828
226 999
269 246
263 957
86 111
226 655
320 942
322 854
282 469
276 652
471 138
365 365
290 77
316 869
493 619
319 171
54 426
155 862
183 54
390 311
397 244
74 416
203 550
239 51
204 430
277 126
82 198
221 701
405 774
116 448
51 359
458 143
425 713
5 548
466 872
195 144
322 612
99 232
34 56
167 769
430 643
102 386
231 46
48 353
454 422
202 240
452 362
309 713
236 519
471 232
86 290
361 704
113 613
296 553
160 414
299 625
71 732
303 416
33 28
39 32
297 899
3 884
41 484
460 808
90 29
122 867
75 405
292 864
238 1000
331 675
456 151
82 394
153 209
233 673
435 454
113 610
278 134
390 261
260 853
290 589
5 82
165 715
297 49
454 495
381 413
209 900
168 994
25 84
487 706
187 228
487 909
476 120
153 943
340 866
386 565
131 607
248 872
485 122
485 789
296 326
211 612
145 846
371 176
391 559
261 974
407 929
68 945
396 289
466 494
468 971
27 219
144 342
499 173
105 976
129 931
100 316
306 941
192 440
473 897
201 684
183 886
430 168
354 154
94 774
138 378
104 624
124 385
13 970
226 954
190 707
395 281
366 353
499 167
381 155
446 628
266 946
178 667
278 954
425 560
386 693
375 468
141 258
251 669
445 364
6 463
44 293
241 152
154 717
71 107
313 310
130 811
423 298
312 426
343 998
389 226
75 24
299 596
421 776
246 880
369 787
237 140
146 790
461 56
11 153
16 1
31 465
429 388
264 850
210 94
389 933
222 418
454 743
244 106
192 930
79 97
309 200
428 241
348 564
445 313
45 564
12 673
220 28
115 576
440 180
372 558
122 94
464 670
178 448
32 70
73 17
288 602
275 257
375 677
412 993
151 906
353 550
485 835
204 184
24 23
92 488
283 217
125 665
291 23
88 741
429 840
361 643
8 481
306 8
287 178
235 301
402 396
359 639
313 318
446 964
324 649
151 204
445 432
384 910
139 948
351 310
421 191
188 731
439 487
192 965
122 894
396 254
317 239
438 520
319 771
355 408
248 878
306 154
240 611
28 102
81 495
124 609
171 484
433 974
416 180
54 566
486 562
341 166
154 235
295 577
311 34
174 405
162 869
268 626
298 818
324 592
287 374
123 952
95 967
276 382
37 320
231 413
38 805
426 660
464 848
121 120
276 763
92 82
267 751
78 298
237 469
216 44
459 106
319 650
289 472
110 42
301 939
356 34
313 833
416 673
399 814
437 391
188 502
168 952
292 924
460 316
316 99
22 899
163 643
440 872
101 487
199 819
4 804
84 651
101 740
179 452
211 372
214 557
234 915
139 765
99 292
233 984
314 365
464 908
337 977
8 17
291 619
214 656
42 884
364 186
405 511
294 253
448 731
485 483
282 249
113 123
386 190
437 532
229 43
442 903
443 68
333 413
371 293
236 273
412 955
363 950
409 714
213 180
27 603
306 423
452 409
105 169
412 996
442 890
200 261
193 261
315 611
447 548
33 589
448 470
404 993
346 184
280 269
262 882
194 204
24 100
45 419
39 824
305 588
101 145
155 35
432 133
116 575
211 71
453 707
247 360
447 478
297 359
404 287
438 318
262 485
208 159
75 887
213 855
256 279
297 82
166 964
177 287
110 896
240 629
487 967
133 62
497 625
223 571
113 930
152 992
447 600
485 410
275 540
364 38
23 957
432 411
93 73
421 963
357 14
407 726
244 272
13 544
415 156
192 380
185 476
414 721
190 507
276 356
362 764
71 766
265 174
202 7
172 203
34 18
284 337
108 563
10 416
203 551
355 293
30 739
153 630
448 864
137 135
220 661
462 525
120 669
402 521
60 203
159 79
292 619
153 544
298 571
291 77
393 674
39 693
315 831
229 144
83 93
162 612
286 454
189 912
403 230
490 560
250 729
259 784
75 175
56 52
190 806
73 520
212 513
321 587
151 233
341 425
55 625
307 642
162 254
137 901
221 470
149 353
3 776
354 285
205 709
415 13
215 253
26 896
167 981
355 873
203 215
366 235
239 755
414 592
131 45
84 51
282 959
100 701
112 696
349 901
417 789
255 83
170 359
300 711
399 837
428 253
390 211
430 220
188 323
154 103
161 972
20 812
201 808
357 907
356 2
61 841
277 759
164 118
70 500
229 587
463 849
88 864
121 117
307 149
325 946
299 88
318 338
423 518
466 745
341 245
344 205
288 897
334 44
99 13
456 445
396 269
49 330
18 650
132 451
323 606
215 87
453 888
151 911
448 554
243 971
269 25
135 905
12 517
471 611
42 634
160 657
65 389
25 206
4 987
414 735
148 831
365 986
51 890
7 155
467 264
298 301
419 992
386 935
464 965
248 740
382 115
1 64
484 163
364 648
125 291
180 113
40 951
388 195
131 445
216 391
336 272
111 327
208 162
473 822
323 928
99 24
72 793
128 986
348 695
250 437
329 177
5 423
101 912
72 579
61 176
438 938
359 625
267 954
349 55
63 718
219 447
397 830
358 276
176 672
303 440
434 599
128 766
186 971
486 312
76 313
271 140
54 277
288 493
489 629
153 159
348 776
495 378
393 606
126 907
74 65
209 743
381 5
135 450
274 684
263 104
237 582
294 201
272 279
359 858
447 648
31 465
46 2
479 1
473 345
323 1000
469 806
176 533
427 71
24 589
150 187
448 127
262 952
494 191
251 816
488 361
410 780
461 703
394 639
411 716
433 350
497 905
374 926
229 391
46 526
340 511
182 567
77 39
268 466
103 910
247 152
343 761
328 944
18 871
159 84
283 506
210 237
259 175
484 385
108 256
161 873
423 351
261 304
330 918
46 9
150 429
6 944
273 172
21 532
342 401
127 667
35 476
416 630
323 866
92 375
306 415
294 465
18 910
72 574
407 198
261 783
261 325
293 847
340 824
252 784
441 535
342 411
91 619
34 538
232 537
210 481
457 43
110 428
359 797
286 714
152 125
449 763
398 606
403 909
325 839
390 253
155 712
141 733
19 276
189 208
362 718
141 446
218 669
448 436
356 817
404 523
429 907
357 773
351 856
150 339
225 151
211 266
120 875
384 279
175 682
448 201
189 975
482 478
194 709
56 9
443 53
145 962
318 34
337 878
14 323
374 344
482 353
398 232
108 705
454 91
96 652
216 924
21 309
84 714
168 163
56 673
426 552
22 917
44 416
383 756
377 294
208 220
258 924
43 334
187 386
491 905
264 657
109 25
231 992
324 449
407 686
474 38
172 97
339 206
81 319
428 866
462 27
272 264
428 394
112 68
61 838
429 383
148 986
78 768
57 800
333 675
165 752
246 255
417 513
155 573
159 589
15 205
192 48
477 931
316 249
242 778
463 716
222 583
397 351
287 194
72 476
304 81
105 23
181 557
192 56
54 456
380 499
357 623
19 86
28 837
229 490
179 49
223 950
82 329
142 48
238 886
145 269
185 209
143 444
263 183
399 22
146 225
138 904
45 207
31 140
116 295
425 845
379 80
310 666
14 763
498 725
372 508
10 931
179 142
374 150
115 221
1 906
60 408
236 782
109 430
112 716
226 311
375 554
402 311
221 497
277 567
227 453
276 501
5 414
51 45
380 863
1 303
62 246
455 227
193 459
417 235
14 516
134 288
231 48
215 31
283 347
425 508
376 121
171 152
28 478
320 552
456 422
95 838
478 776
276 68
15 920
283 182
53 517
335 319
397 344
426 839
227 319
31 355
136 737
156 989
81 315
495 526
78 250
206 81
210 737
194 778
421 501
424 607
377 199
153 966
225 579
320 111
315 559
161 499
221 197
37 925
459 620
179 152
207 964
57 65
352 641
203 598
43 122
167 159
2 474
169 644
15 6
53 536
138 873
439 564
254 517
458 111
361 130
429 380
249 996
6 133
65 200
287 231
265 126
9 797
241 830
219 537
52 772
188 113
155 414
244 567
343 64
8 11
249 13
128 324
329 129
89 941
37 629
260 541
187 675
93 257
272 186
430 686
298 604
430 386
392 998
17 450
44 327
147 706
486 709
149 256
55 573
179 689
397 649
383 552
89 815
465 124
340 967
187 594
202 117
158 747
472 713
150 624
166 915
10 978
232 394
424 142
216 350
360 122
31 716
482 289
235 483
45 757
22 101
433 694
197 512
125 61
351 382
130 886
159 553
70 766
247 979
336 112
314 373
87 831
429 22
405 863
337 431
466 828
28 20
101 576
357 181
223 575
317 334
165 502
496 324
278 11
355 882
134 758
339 906
225 416
446 31
24 619
92 834
428 554
332 356
415 298
280 28
19 546
490 633
293 127
329 427
423 435
16 21
17 830
189 869
9 558
465 639
466 595
374 454
74 230
41 12
354 75
241 685
221 308
91 311
499 881
27 485
469 141
218 516
14 242
18 765
352 247
276 549
419 225
276 169
189 928
94 630
423 52
499 295
178 744
402 440
370 45
440 635
287 705
86 761
141 370
461 452
305 486
462 666
292 869
143 748
464 33
497 120
185 300
496 964
146 275
76 292
207 594
334 973
121 552
270 883
437 748
30 208
329 120
439 398
321 349
461 775
232 776
121 59
425 819
423 610
252 639
62 642
109 896
455 411
125 417
327 281
234 610
292 130
256 311
222 889
461 651
472 26
464 861
402 366
486 74
152 506
69 651
174 771
462 552
305 749
124 580
342 20
121 347
461 202
325 226
161 554
497 919
399 324
273 608
340 859
237 384
271 579
272 135
62 463
142 553
27 906
285 98
265 508
210 280
232 759
221 650
435 11
200 527
109 151
215 882
339 928
301 837
316 879
482 996
436 934
318 587
284 387
249 874
382 49
404 192
285 27
195 606
325 146
135 477
492 105
449 858
63 631
327 377
343 36
423 217
378 208
218 270
154 120
231 588
308 522
132 491
212 348
212 734
173 584
353 232
115 371
44 721
312 829
487 181
284 571
494 558
262 276
253 147
196 81
385 1
490 241
309 585
358 651
107 682
424 917
235 417
30 788
475 270
183 589
12 584
91 356
468 555
334 99
200 922
418 438
275 648
210 20
412 739
245 752
357 411
354 8
381 351
469 782
127 313
174 246
87 83
164 151
60 361
437 677
54 761
80 174
70 145
347 180
173 448
418 587
381 960
108 459
218 514
416 663
255 506
46 335
491 868
351 68
91 136
443 978
104 762
354 394
382 653
113 313
115 368
29 979
436 913
88 604
127 850
267 865
24 514
428 434
225 829
217 106
56 118
360 706
394 412
396 91
462 874
52 674
250 84
55 569
222 399
103 284
351 696
170 170
238 80
278 853
348 14
308 850
324 93
28 300
27 663
78 606
167 827
308 329
383 875
346 653
78 89
26 307
319 83
454 482
144 260
426 104
409 397
354 4
438 156
351 474
363 628
453 174
296 837
321 76
110 413
8 879
449 503
60 985
54 972
197 827
326 655
226 973
284 652
297 696
83 948
65 138
19 114
55 610
58 546
167 916
282 603
359 15
258 170
8 901
301 17
124 347
314 176
404 747
300 379
67 102
83 419
274 245
135 858
405 617
497 369
218 889
276 740
401 949
266 465
240 73
95 268
16 308
5 511
283 681
381 568
3 285
401 67
414 714
142 522
436 20
136 802
447 3
492 816
117 456
140 4
223 323
33 237
259 92
442 196
483 304
404 445
232 430
178 468
450 203
265 932
330 995
335 886
192 1
85 984
439 361
225 556
489 908
163 362
31 436
374 776
259 576
341 393
28 377
193 972
16 102
448 376
453 606
400 972
90 901
271 859
14 448
469 591
205 124
92 245
418 427
356 411
397 33
115 957
378 14
99 13
278 77
194 532
420 269
468 956
110 917
23 449
476 549
31 200
337 234
489 413
30 347
418 499
316 642
479 144
290 885
491 799
498 526
31 546
490 519
394 47
318 306
337 226
136 384
140 244
448 240
241 859
350 986
464 290
500 876
441 354
148 654
338 616
274 49
244 953
445 13
399 764
384 523
464 55
254 792
235 437
167 644
261 198
149 97
40 575
34 712
264 219
124 104
480 298
68 288
409 522
280 759
350 635
306 298
217 263
110 734
397 730
220 455
21 46
113 480
95 922
296 860
4 228
34 836
200 989
374 617
357 412
135 421
285 341
382 325
127 339
128 58
309 923
204 649
248 876
177 591
455 516
71 768
11 868
482 410
422 607
319 382
445 711
438 479
116 497
43 806
323 466
253 660
368 129
243 705
194 159
457 773
156 780
403 390
118 20
449 898
212 690
95 429
320 203
29 68
396 871
285 675
385 988
71 628
306 467
98 841
368 991
17 420
302 219
473 644
187 259
433 331
3 245
493 111
387 833
232 909
121 240
204 140
452 945
459 633
66 674
323 543
338 932
173 578
440 415
23 492
370 321
115 559
178 665
103 515
74 8
51 147
390 691
192 379
188 538
206 469
196 492
343 500
391 935
189 952
294 730
166 92
111 638
428 548
255 581
416 699
368 297
10 739
212 856
45 767
282 430
46 278
385 211
147 904
412 183
10 526
157 836
311 109
73 571
446 155
358 241
452 757
209 427
277 1000
270 215
319 23
178 677
237 861
497 503
322 451
468 252
98 243
301 947
465 942
480 639
35 588
324 901
64 986
366 822
273 433
121 721
206 996
111 800
177 601
71 742
287 572
260 415
62 97
101 593
467 497
81 594
201 406
93 362
6 186
131 602
364 821
461 477
462 878
342 710
20 772
216 690
28 437
404 103
263 734
342 613
27 180
380 812
206 827
280 39
63 661
51 48
403 141
393 827
443 524
119 15
133 228
252 346
164 484
111 445
275 155
447 160
380 600
172 134
257 649
105 357
83 450
431 135
155 185
197 196
106 64
17 20
63 482
370 327
111 354
81 495
356 712
249 161
166 637
10 792
278 561
2 50
87 331
367 999
135 401
27 551
433 896
332 955
344 630
438 24
385 959
40 7
244 645
255 624
285 675
237 480
372 603
4 168
353 582
13 705
306 53
172 405
314 621
189 447
187 424
197 605
65 178
37 124
129 81
42 102
41 297
454 56
433 703
58 303
263 684
480 12
350 828
335 116
431 575
200 349
324 968
27 86
102 397
43 687
182 966
434 457
34 129
284 839
460 372
14 125
63 693
202 608
126 231
121 286
302 134
232 911
399 949
483 796
5 502
423 231
487 130
90 100
232 761
144 542
241 12
96 316
67 328
372 109
13 190
49 898
77 874
482 308
272 713
262 70
155 350
196 220
415 62
311 748
131 290
474 571
245 141
473 404
149 583
205 60
73 449
469 409
170 642
133 181
287 954
431 325
460 837
276 511
484 65
340 667
131 12
201 265
422 400
417 459
323 184
174 164
45 872
213 890
128 487
126 328
237 488
271 519
464 522
227 191
193 333
62 432
161 30
46 117
137 781
375 99
396 132
310 358
421 746
486 189
331 497
229 711
92 253
130 463
276 543
247 972
490 408
464 699
51 882
20 89
274 395
168 251
276 627
134 433
141 408
96 467
258 728
429 754
345 536
67 202
102 698
213 566
75 724
479 133
394 142
160 300
398 243
291 388
203 373
457 181
130 83
294 195
419 740
6 272
169 280
246 402
483 596
371 542
61 63
179 477
419 355
221 798
19 910
149 61
17 577
116 786
222 648
241 389
457 60
34 313
182 14
277 966
24 813
149 699
42 865
7 787
416 801
324 560
403 866
482 598
122 952
203 129
238 802
200 841
349 721
338 317
490 618
369 414
196 893
303 229
63 852
351 896
47 263
5 25
224 704
9 407
254 411
369 481
482 896
112 728
133 259
273 652
143 628
181 274
34 651
344 789
420 470
436 483
499 31
163 257
412 367
286 441
285 368
255 346
439 97
325 465
218 714
212 615
411 931
203 923
176 409
76 962
54 681
466 236
327 359
186 785
341 457
314 195
348 47
292 389
75 766
58 781
308 558
290 966
9 537
371 745
89 917
292 724
423 403
213 692
457 8
220 832
69 620
429 477
245 802
169 433
308 543
439 714
475 839
465 623
404 36
30 970
305 736
76 516
169 605
391 161
108 474
198 246
171 161
446 640
273 327
365 766
232 28
274 618
124 268
417 900
478 445
395 840
224 393
71 937
415 910
127 502
64 757
119 107
135 40
18 883
401 751
117 69
233 101
236 157
221 598
351 108
94 363
92 210
310 386
374 283
196 528
147 416
13 592
161 656
433 265
473 414
123 474
221 485
338 65
376 769
336 317
31 416
332 280
114 177
395 249
408 547
70 321
355 385
171 453
368 292
253 499
278 522
305 864
192 550
326 809
183 976
135 881
476 991
452 499
171 452
107 720
86 576
272 506
65 432
390 546
5 648
463 527
41 270
373 561
107 33
391 645
292 842
352 17
463 393
466 979
39 987
174 805
379 754
22 883
458 662
282 352
128 979
415 718
279 570
357 172
297 93
476 165
205 741
318 191
59 110
334 337
474 582
424 480
16 786
451 444
396 953
363 319
48 5
177 94
184 575
116 810
387 818
473 153
370 827
197 833
357 559
197 469
67 350
249 995
249 910
445 460
111 35
482 398
137 606
265 263
51 588
342 555
256 992
258 208
72 99
484 648
473 851
213 694
318 178
410 29
317 457
103 397
11 412
281 511
257 359
412 491
85 617
58 527
309 560
119 355
307 334
9 76
278 27
455 454
172 266
193 837
57 984
206 533
375 362
274 616
57 767
64 624
397 287
158 46
9 929
364 667
442 387
199 524
436 517
444 539
409 127
292 108
256 981
16 37
159 551
303 106
216 494
387 631
8 996
329 704
273 668
445 637
218 122
46 674
137 755
486 94
20 584
425 802
299 327
14 197
192 115
278 413
164 901
455 368
309 227
359 292
113 735
335 348
318 19
410 940
90 565
35 151
66 237
450 79
21 134
92 652
442 36
205 936
357 275
134 43
137 1
369 643
260 861
184 767
31 567
215 475
498 161
489 94
86 767
285 906
51 907
431 932
88 844
462 581
312 600
198 752
164 120
345 557
7 859
361 445
357 565
218 399
387 993
38 962
225 165
416 684
344 845
121 915
111 147
452 986
33 253
409 638
5 231
304 338
401 779
219 127
363 894
273 640
273 668
12 381
34 199
194 854
309 76
472 602
238 559
446 528
47 305
438 575
149 526
398 489
15 596
20 69
329 440
69 557
197 259
229 557
206 950
303 286
414 657
238 881
34 778
318 855
175 292
476 945
259 742
344 92
444 678
282 719
409 709
395 248
490 693
220 891
341 576
491 428
150 803
429 456
238 43
235 47
492 607
165 557
140 158
188 121
309 626
468 645
392 981
65 383
242 898
197 367
214 16
106 626
266 426
231 454
463 443
233 760
99 408
324 106
467 134
80 361
254 430
489 462
249 542
301 763
98 427
124 552
169 515
96 798
33 903
50 821
229 305
180 313
156 714
25 570
361 807
498 332
446 781
11 747
49 66
385 763
160 830
413 672
300 635
205 65
284 1
5 923
231 805
8 299
310 2
252 883
278 160
488 753
345 292
109 356
79 1
167 729
124 518
424 837
265 247
81 52
71 648
164 945
38 663
250 814
465 450
277 566
385 953
461 386
133 509
111 569
225 801
362 971
406 360
1 440
168 999
364 348
5 237
311 726
357 144
304 458
86 857
481 723
223 491
160 725
315 135
257 786
283 308
17 75
248 926
168 601
254 620
134 588
222 86
214 924
73 591
99 262
393 255
298 114
239 157
163 467
426 339
39 222
422 601
478 127
117 175
434 720
406 381
464 834
347 678
321 385
441 356
431 68
397 605
77 619
485 111
341 580
448 216
165 750
22 841
224 415
267 763
253 620
149 99
328 960
332 954
64 7
394 640
429 914
99 490
382 469
227 593
470 303
497 254
255 363
298 267
299 733
247 43
298 710
183 436
500 268
348 252
323 340
236 954
51 113
58 495
226 249
331 156
354 310
106 637
449 402
411 359
311 143
360 526
226 750
79 66
350 103
360 371
426 288
446 818
359 713
91 826
371 199
341 127
165 311
171 782
67 102
124 981
272 679
166 652
103 692
86 741
84 776
123 735
453 645
376 601
476 962
38 925
