1000 1000
78 63
57 20
18 86
40 42
71 41
3 35
94 41
33 28
11 91
17 8
77 59
56 81
87 77
82 67
48 3
50 79
41 7
95 20
9 46
5 55
34 9
1 4
14 94
2 2
93 30
77 19
77 42
46 98
65 2
82 40
58 66
67 8
86 95
79 76
31 32
50 65
68 81
30 43
3 79
23 97
51 10
22 9
62 27
14 31
17 31
82 94
23 72
66 48
4 56
52 43
7 27
12 48
42 16
47 43
75 76
57 87
26 11
77 67
66 43
69 77
13 54
30 6
21 94
61 78
47 18
19 69
45 68
74 87
86 37
64 24
64 81
71 91
87 44
90 36
4 36
27 79
16 31
1 39
6 19
8 22
35 81
39 71
1 47
53 82
33 41
84 35
17 42
77 37
68 30
32 96
40 38
79 21
26 32
60 89
84 93
72 17
88 80
97 84
78 40
12 41
16 96
99 18
93 62
25 34
39 89
99 15
18 71
21 3
39 51
98 48
42 42
21 73
22 89
64 12
66 10
85 85
93 2
98 44
10 30
5 1
66 45
13 94
2 9
95 2
51 98
28 1
83 83
66 53
53 50
77 83
1 6
80 12
98 99
53 46
59 22
81 2
51 57
47 60
100 78
10 5
90 75
85 28
93 20
27 22
65 40
88 58
33 69
14 1
90 94
31 50
16 2
26 14
20 23
40 66
8 24
89 45
85 94
66 35
39 73
62 98
38 43
44 20
95 16
11 5
28 68
89 47
41 82
87 87
43 77
14 30
66 12
22 32
58 69
23 60
5 17
4 40
84 42
82 50
7 26
66 58
38 33
6 86
74 65
50 24
79 88
17 31
98 61
45 56
38 83
63 34
23 14
28 84
20 59
97 90
65 94
20 71
47 77
55 78
7 40
40 66
92 28
58 6
13 45
99 17
82 87
55 82
41 46
80 15
52 52
74 78
18 3
48 33
75 52
95 63
44 16
27 35
74 40
1 25
97 22
68 25
12 6
86 90
55 14
16 24
26 82
88 46
60 86
39 47
46 81
15 77
41 50
19 30
85 6
97 83
88 37
39 38
50 32
41 76
78 38
29 51
84 13
72 52
41 67
85 89
16 62
91 81
66 25
100 96
53 4
27 4
40 22
77 92
82 92
55 48
72 25
59 13
68 44
50 18
51 54
85 83
69 21
54 66
8 44
56 88
66 23
90 5
23 61
53 65
98 20
25 44
46 5
45 37
85 49
1 28
4 75
15 34
61 95
97 84
33 90
22 6
48 83
83 69
19 93
44 47
81 50
71 67
61 56
8 63
74 98
65 24
23 9
56 85
9 52
67 84
58 72
32 98
56 76
85 68
98 8
1 9
83 55
36 74
91 79
71 44
73 68
3 80
15 26
32 97
63 99
37 73
84 50
67 85
76 29
73 74
7 84
53 32
87 75
20 23
94 26
67 6
21 7
67 63
74 12
70 4
40 13
2 55
58 72
10 2
29 75
79 84
78 18
64 39
43 22
16 96
40 73
99 60
54 63
36 34
71 8
75 88
89 7
51 27
11 34
21 97
68 83
22 58
91 26
9 34
30 76
72 76
55 75
84 55
72 23
75 84
94 41
91 9
56 63
60 16
57 91
2 27
75 19
14 82
10 47
69 65
32 56
27 32
42 82
6 89
43 9
76 97
47 25
68 69
55 65
96 10
91 16
59 95
72 27
29 6
11 3
99 93
25 47
78 2
85 24
28 37
35 11
54 85
82 58
1 18
65 71
52 90
88 33
40 81
70 85
24 73
58 4
28 89
90 9
13 81
55 22
19 20
80 62
81 93
35 61
20 84
29 72
11 3
78 22
34 78
20 71
18 55
91 47
91 70
1 66
75 62
2 11
18 100
74 90
55 52
90 74
34 69
25 63
46 17
68 47
4 89
68 2
53 53
70 80
1 27
3 50
32 96
93 21
78 23
82 98
93 63
48 89
54 59
28 41
20 68
50 27
88 30
29 66
93 26
35 7
73 100
36 92
13 99
44 26
54 9
66 92
9 17
87 18
5 81
14 10
54 85
96 35
59 93
79 51
95 67
11 47
69 73
77 98
98 11
19 27
79 20
20 10
71 66
76 92
78 8
87 37
27 55
31 28
71 51
62 17
75 22
100 13
50 43
96 38
62 5
99 40
89 38
38 65
71 26
92 32
46 23
23 68
76 99
89 47
84 87
90 59
100 9
60 97
90 13
67 21
70 12
78 37
63 51
46 5
24 42
97 42
16 22
90 9
93 27
27 95
62 94
3 11
67 32
25 83
5 3
92 26
10 93
69 74
21 89
2 46
70 17
5 14
73 45
28 77
93 49
13 87
75 11
9 39
95 93
17 3
14 10
77 71
92 66
64 30
57 66
96 7
74 15
6 92
9 13
37 88
53 33
32 58
10 90
16 84
25 22
66 49
10 72
89 38
23 17
8 35
4 6
19 81
92 100
46 7
87 21
53 62
36 73
50 1
49 91
60 53
92 47
94 24
65 44
64 84
93 58
91 71
5 7
22 60
67 61
80 76
80 9
13 55
67 99
53 92
57 23
50 60
53 50
64 25
86 23
33 65
87 59
55 43
6 51
31 40
36 14
16 39
35 66
11 26
21 63
35 95
1 37
52 83
56 81
24 64
57 51
30 45
48 90
55 6
63 93
97 21
26 69
9 84
5 87
16 72
71 11
14 90
25 29
4 7
72 83
38 77
67 79
86 20
73 11
62 38
9 38
4 39
86 4
33 55
17 85
25 93
45 21
17 16
79 40
72 20
65 93
86 84
84 76
65 89
17 80
66 65
12 65
36 65
59 82
39 84
40 42
100 57
26 97
23 94
53 89
26 14
53 10
64 56
43 49
63 25
97 47
2 72
83 98
45 8
42 4
99 50
82 28
71 3
22 37
94 100
11 8
28 81
82 26
80 54
57 18
41 68
80 95
54 95
74 73
12 16
27 24
97 94
26 18
65 73
35 71
73 30
94 6
48 84
84 65
94 58
81 19
93 62
63 97
25 22
79 7
51 69
89 65
34 36
96 33
42 45
86 18
84 32
13 2
45 92
52 44
50 68
40 93
12 19
30 88
97 60
95 59
75 50
69 36
92 20
22 8
61 68
90 31
3 41
22 28
19 73
1 6
4 68
2 31
22 22
56 68
38 39
65 97
64 17
26 83
4 73
41 19
80 26
17 52
86 78
82 60
62 67
72 91
97 65
42 65
16 93
9 93
94 73
67 74
63 92
45 9
19 13
100 91
22 7
95 24
73 20
59 23
37 50
61 100
83 17
76 76
48 18
79 20
94 63
57 49
14 4
69 10
63 6
17 22
43 34
45 44
84 24
97 80
2 33
55 96
68 2
94 51
8 90
80 96
18 97
32 26
95 17
63 83
86 9
52 27
99 37
43 46
24 41
12 76
85 1
67 35
2 53
57 58
82 72
84 98
62 14
60 90
12 31
19 79
78 98
38 27
42 10
20 85
11 70
90 34
8 6
64 70
91 53
72 14
60 98
52 64
3 12
16 68
7 49
16 50
53 64
19 60
93 22
37 13
46 98
66 86
28 68
39 48
85 8
80 38
57 66
39 60
99 1
21 68
19 12
26 5
1 25
6 5
2 76
41 79
82 34
74 80
1 79
43 9
50 8
4 2
93 17
54 82
92 82
98 39
52 65
11 51
32 79
23 18
54 78
69 90
81 2
95 5
48 34
49 58
37 66
34 19
83 59
97 84
72 43
44 12
78 49
24 88
1 15
68 72
98 38
52 82
97 50
80 28
55 99
57 26
10 10
70 47
45 68
95 52
81 88
34 59
32 19
8 44
48 73
43 46
16 69
11 88
89 10
21 65
75 72
86 37
81 92
53 93
26 28
29 30
37 12
13 100
16 26
97 76
29 81
24 100
89 87
90 99
72 69
88 5
61 94
17 47
81 48
99 66
6 86
70 24
14 93
69 32
34 25
47 3
80 18
32 71
98 76
88 39
8 32
50 51
27 37
53 37
56 1
27 64
97 31
83 72
31 97
29 98
16 41
43 38
53 18
22 74
86 28
65 21
8 91
94 83
59 44
87 86
66 28
34 90
12 87
55 69
24 9
30 15
27 70
89 20
52 99
32 69
32 98
71 23
32 94
38 62
36 97
70 63
85 26
24 92
61 14
31 72
41 68
11 49
67 44
48 53
93 34
31 29
46 84
11 52
88 37
78 91
74 78
79 71
74 8
71 99
53 76
79 36
18 68
57 79
64 31
40 1
76 18
33 37
3 48
84 5
68 71
87 50
16 40
77 2
73 81
62 82
96 4
58 73
71 51
91 54
83 2
11 57
50 61
62 53
79 26
76 48
44 37
41 35
76 75
89 80
7 64
55 94
99 3
85 27
96 83
78 76
82 66
94 40
45 29
45 49
46 24
99 100
40 92
23 15
65 38
27 90
78 100
15 25
100 78
67 35
73 14
90 88
23 99
16 30
42 76
51 46
44 81
90 14
92 77
26 41
