1000 1000
70 45
26 18
81 89
77 92
11 60
62 48
28 16
80 7
62 86
58 38
58 84
49 73
46 70
35 86
18 93
63 50
49 71
26 79
41 18
82 19
57 7
4 13
26 18
3 42
76 63
11 43
35 51
76 94
65 1
43 24
53 30
77 84
41 31
70 45
20 45
24 49
75 97
49 42
45 69
2 30
21 26
65 17
87 76
40 49
37 63
39 38
46 68
59 27
72 7
56 25
91 50
16 9
78 45
41 35
6 23
97 1
23 10
68 13
18 47
94 72
96 5
97 59
65 17
89 98
41 24
14 14
49 64
86 63
25 69
88 51
92 22
96 98
25 51
68 38
52 4
46 96
24 41
30 8
8 79
99 58
64 35
45 38
86 5
54 88
52 48
6 71
83 53
22 31
76 85
16 29
18 2
55 68
49 52
22 61
1 64
40 6
30 86
53 38
26 64
88 96
75 30
78 66
20 51
25 88
10 80
38 10
63 11
71 38
37 87
25 53
68 2
53 15
10 67
14 20
82 57
11 10
19 95
93 37
38 74
67 99
66 68
24 28
68 87
24 98
74 21
27 8
87 4
98 36
84 57
68 12
65 8
68 27
91 88
7 68
65 89
69 61
33 81
35 23
8 28
35 81
20 33
19 44
72 30
19 54
45 71
98 30
48 62
87 14
4 51
80 38
93 12
3 20
73 20
38 92
19 19
44 27
77 1
98 66
26 20
48 69
28 91
85 49
30 9
52 16
21 61
76 47
43 11
92 92
96 43
35 55
97 60
75 83
31 100
97 73
86 34
36 48
49 96
85 1
39 58
31 85
14 94
94 24
62 2
50 1
26 83
28 55
35 99
44 38
9 38
45 51
43 44
57 36
36 98
86 43
63 65
79 44
31 23
3 17
91 81
7 42
57 1
95 29
20 69
78 87
84 87
85 12
89 6
33 84
26 73
48 23
55 3
42 25
69 54
43 65
69 64
48 55
3 23
78 1
100 48
66 31
7 55
56 25
8 92
9 17
2 33
98 44
94 58
10 70
35 61
90 69
60 11
45 85
52 7
58 53
84 66
12 14
6 78
69 18
13 23
16 2
25 18
37 67
20 68
100 56
45 46
24 48
24 35
53 52
2 47
18 28
79 33
8 87
21 60
37 38
11 33
40 76
2 36
1 11
2 51
47 6
32 79
25 15
50 30
18 15
35 65
80 88
49 11
98 6
5 73
44 30
38 75
47 22
81 95
94 53
3 9
73 14
98 31
12 74
21 38
2 43
71 84
66 22
23 7
13 4
89 49
10 89
91 82
98 93
58 99
92 92
47 93
84 48
2 2
74 16
81 49
90 75
44 60
37 9
88 12
71 21
45 57
58 72
61 36
1 85
42 53
70 85
23 66
41 85
37 23
35 93
3 73
18 28
36 12
89 50
96 68
10 68
62 95
50 90
36 3
20 33
16 95
14 16
77 46
60 8
45 96
23 15
54 64
9 25
2 62
22 72
92 98
19 66
3 97
44 16
97 97
71 46
44 59
38 20
52 96
73 7
81 52
1 11
62 96
5 27
79 93
3 92
83 38
9 43
44 25
77 42
87 16
89 7
67 47
31 61
85 60
68 47
10 55
7 40
20 56
4 74
46 57
74 53
69 44
10 66
74 77
49 87
10 3
31 9
36 93
17 93
10 2
48 98
75 66
7 80
43 11
19 41
95 70
9 52
14 52
72 11
88 47
99 91
99 86
73 15
51 95
23 25
18 98
78 76
28 47
78 35
47 83
22 81
30 81
53 45
11 46
32 27
66 65
37 56
12 41
43 98
53 87
79 60
66 8
34 65
37 59
96 34
4 39
33 53
32 72
22 79
75 26
78 38
29 22
73 35
76 28
57 70
97 32
51 88
36 9
16 92
47 94
73 61
87 95
60 90
60 88
67 23
90 45
54 7
76 77
88 47
36 87
82 50
79 58
76 57
74 55
12 57
45 13
60 91
23 83
66 31
50 42
10 40
97 65
88 7
19 24
70 26
74 42
8 35
43 29
94 76
20 87
58 37
31 70
42 92
41 51
64 93
55 12
41 79
99 35
63 81
47 50
2 100
29 33
41 56
46 37
80 41
73 30
13 80
86 22
43 90
60 63
58 96
66 75
89 83
29 52
80 50
94 11
46 90
2 80
10 90
51 10
16 71
97 50
90 41
65 26
87 94
28 32
100 67
55 8
50 53
45 26
27 73
7 31
60 72
87 19
62 52
39 72
80 47
48 5
21 53
68 69
6 79
57 84
98 78
39 50
91 13
37 55
48 83
7 62
9 45
10 39
31 99
97 15
61 36
78 61
90 83
44 2
95 7
16 64
11 38
81 44
18 74
21 45
35 56
32 57
93 33
59 6
71 62
25 63
79 31
68 72
68 12
16 15
60 30
40 65
88 31
85 60
69 8
39 26
3 39
61 34
48 54
76 37
55 10
3 36
26 15
94 69
12 23
84 55
35 93
89 61
97 48
4 73
21 12
65 37
21 89
18 10
82 78
39 65
43 23
88 23
29 29
22 67
3 45
33 74
97 96
20 78
22 22
33 51
54 38
66 2
41 33
40 2
2 1
20 72
83 20
47 78
89 5
54 68
67 42
85 19
58 62
84 86
3 25
12 98
84 30
3 92
39 44
42 92
57 76
13 56
7 26
28 86
71 98
13 83
56 21
79 8
29 76
57 75
67 4
93 50
62 54
35 65
7 65
48 94
95 14
12 64
34 76
88 100
81 52
56 8
8 98
60 52
64 9
16 84
60 11
41 39
14 1
10 24
93 81
31 86
68 85
40 88
69 75
62 35
23 41
62 23
45 95
58 100
49 58
28 96
48 75
31 33
62 21
76 53
96 84
6 50
64 78
78 7
40 6
66 6
11 86
11 20
45 5
8 26
41 10
89 49
48 32
16 64
71 18
42 56
1 73
97 60
10 11
37 83
23 26
25 99
91 78
71 43
70 35
94 43
68 10
23 26
68 89
26 64
37 90
43 18
16 88
13 62
67 56
89 23
54 95
42 57
12 87
79 85
1 59
45 59
57 94
19 27
63 31
39 61
95 22
76 1
1 11
1 99
67 44
35 51
80 84
33 27
94 13
62 84
9 61
96 19
78 85
56 36
15 14
75 52
51 93
99 58
99 27
89 43
78 96
33 7
75 69
90 23
61 81
9 33
84 34
68 93
97 36
43 49
54 1
33 31
11 4
66 18
12 35
85 2
36 24
78 15
97 4
86 20
5 71
70 69
32 78
19 90
23 18
51 47
97 32
57 60
88 50
61 95
22 1
38 48
16 63
51 80
23 10
36 62
21 18
59 78
82 64
59 15
64 32
44 92
16 84
35 29
30 9
90 51
2 69
79 21
32 73
66 52
16 58
69 25
43 19
84 34
18 5
4 71
32 29
18 29
66 13
67 64
85 57
95 28
12 24
13 89
26 72
30 36
30 18
24 50
37 25
11 19
40 56
84 61
42 90
26 18
61 42
98 56
40 59
72 24
27 90
59 88
51 65
79 85
99 2
49 75
12 13
38 71
67 46
73 23
48 18
51 36
63 8
20 60
52 35
83 45
81 30
81 22
58 87
10 97
48 35
8 73
39 82
24 36
77 74
90 56
68 7
37 73
89 82
63 98
17 64
18 17
56 85
87 24
41 91
82 90
53 9
42 84
100 89
22 84
96 85
100 28
63 6
25 71
75 17
77 25
95 15
92 47
57 34
62 92
90 24
47 26
78 27
2 9
73 18
79 62
37 63
10 2
93 25
82 52
44 32
17 93
54 15
86 23
40 98
73 60
3 56
54 55
7 66
16 50
11 72
71 98
36 63
8 80
21 96
68 22
42 92
52 54
62 81
39 17
85 36
92 90
10 47
46 39
39 9
61 45
34 80
3 8
76 50
90 57
85 6
44 36
59 1
97 92
58 88
51 17
51 17
44 80
47 82
59 92
99 13
56 24
66 29
73 84
35 63
37 62
51 4
57 94
16 2
76 23
51 1
55 59
92 17
92 92
56 37
61 73
63 9
97 89
34 96
76 6
35 15
32 57
96 94
23 83
13 48
25 31
21 8
5 27
42 19
12 20
75 11
13 58
59 38
93 71
36 16
65 98
25 57
44 35
96 35
50 5
6 30
93 28
48 24
55 89
58 11
29 91
18 93
35 39
3 44
99 65
70 46
58 4
5 18
16 56
62 47
7 43
3 49
71 31
51 18
21 29
15 58
5 97
67 98
45 92
94 14
79 37
41 37
66 81
91 97
4 13
48 39
25 61
31 12
99 82
52 17
42 80
43 32
55 61
71 63
21 73
58 40
77 14
21 26
61 67
58 72
40 28
36 11
29 76
7 32
58 27
73 74
90 52
56 13
32 9
85 84
2 22
65 28
14 24
86 13
80 19
63 88
37 58
19 86
74 82
31 65
43 76
11 96
97 78
92 15
74 96
35 12
24 91
80 15
57 59
15 17
50 42
18 3
18 60
53 13
8 60
91 38
