10000 1000
73 24
87 67
69 77
59 94
89 7
77 94
18 91
10 98
98 26
29 9
45 87
2 54
70 16
47 54
26 86
22 64
8 49
23 4
65 50
72 70
66 27
75 72
14 81
2 87
41 56
90 47
37 4
60 98
93 26
15 47
99 45
28 81
46 74
94 45
19 93
27 36
79 97
50 97
50 66
69 92
14 38
10 18
55 47
36 100
94 82
49 90
48 90
13 35
4 39
74 47
31 97
90 40
39 42
92 37
18 38
94 20
12 4
55 25
71 90
16 51
51 16
77 88
53 83
61 92
28 36
81 34
42 94
69 21
86 32
72 99
50 58
99 7
64 2
3 85
2 14
26 72
99 45
82 52
34 11
28 16
89 37
56 41
74 76
42 43
89 92
81 63
59 12
2 43
89 29
91 54
39 96
24 71
38 31
33 35
28 98
69 60
23 62
63 45
62 3
20 27
75 91
64 23
68 90
32 73
67 31
71 91
23 10
11 79
29 52
50 96
46 32
14 100
59 83
46 93
47 67
50 85
100 83
53 72
77 78
84 40
10 69
18 33
68 34
18 88
23 2
9 4
45 33
25 67
88 85
8 10
87 60
21 52
53 38
100 85
35 98
56 2
23 19
94 91
72 71
51 79
72 59
6 99
27 54
3 21
63 2
3 23
49 38
85 21
13 7
8 68
96 69
18 79
73 10
77 81
6 96
48 24
21 82
52 28
39 13
83 12
62 52
69 42
45 58
69 8
52 89
71 77
67 7
39 84
52 80
68 97
55 15
86 82
73 78
84 16
38 27
75 42
63 1
67 72
32 38
35 88
11 34
63 69
57 95
63 49
85 23
55 1
14 31
13 42
96 73
22 90
62 80
53 75
2 99
45 3
77 99
45 57
85 73
17 11
60 51
34 33
55 9
42 1
59 80
77 79
86 38
6 55
58 53
30 64
41 40
34 27
60 30
36 72
66 54
49 45
47 22
32 17
6 28
56 42
6 98
97 94
100 61
64 22
50 28
22 88
42 74
88 11
74 45
44 45
42 5
30 84
67 88
8 8
15 51
10 80
56 17
31 78
21 46
76 8
79 83
81 81
60 60
45 28
54 30
9 79
98 6
82 50
43 29
15 35
49 98
4 74
80 73
1 80
98 45
73 73
24 65
63 100
76 10
98 26
80 100
11 35
41 49
83 7
15 90
13 85
36 68
22 92
67 30
4 72
70 62
44 48
45 49
59 95
69 83
59 95
45 70
93 64
44 78
94 23
99 13
26 71
68 15
36 80
80 21
72 17
73 13
61 41
82 49
67 74
75 57
59 30
20 22
8 7
74 53
99 41
88 75
86 29
34 6
6 15
63 72
40 68
71 99
16 65
52 4
81 1
63 87
52 1
85 67
8 64
91 46
33 13
89 52
24 14
45 89
75 60
36 48
46 4
57 66
20 76
83 90
37 94
27 81
8 53
1 17
49 90
19 14
86 64
18 85
77 79
46 61
76 9
32 78
64 26
50 47
43 70
45 15
41 68
57 96
52 37
6 84
91 33
75 63
100 26
4 12
86 63
4 4
25 34
62 20
39 93
66 55
99 45
24 15
32 89
5 34
60 10
51 44
61 63
6 15
36 38
86 39
56 99
55 11
62 48
46 68
51 54
82 84
61 16
15 30
89 53
50 16
32 71
61 5
28 9
84 4
42 81
16 4
38 6
55 62
75 71
53 12
83 49
1 48
89 97
27 64
25 42
32 78
51 29
10 7
93 22
46 84
54 74
23 77
43 97
29 18
43 94
26 78
57 77
23 5
26 12
42 53
56 97
19 73
87 95
49 26
93 79
55 89
59 82
82 93
58 76
92 21
63 86
21 53
63 90
77 65
70 63
26 65
70 17
12 67
98 58
38 66
71 47
35 69
99 36
45 20
4 70
88 28
19 54
42 60
26 70
50 19
39 51
87 1
90 23
66 10
25 14
86 32
38 16
74 59
100 81
77 57
73 27
90 48
79 15
98 53
10 50
94 7
2 27
43 59
42 62
1 64
68 62
44 26
9 66
85 71
43 33
84 38
93 92
33 4
67 57
17 19
83 25
85 52
19 72
93 72
56 4
34 15
6 15
8 86
1 38
80 69
96 83
89 94
60 61
77 99
27 43
97 74
44 13
100 92
66 53
46 5
29 9
40 22
45 20
19 78
2 60
25 33
78 95
21 21
77 25
47 23
86 77
88 6
67 18
71 14
38 100
87 53
33 62
23 64
39 38
64 4
36 19
90 59
63 75
58 83
45 97
62 11
61 4
13 95
62 9
96 22
53 57
85 79
71 7
83 71
65 96
39 62
62 24
66 55
45 32
55 41
8 81
34 15
88 8
76 58
6 74
65 1
81 41
16 77
21 39
13 50
51 71
21 18
46 78
9 17
1 25
76 21
74 72
71 3
55 48
26 9
15 92
97 17
43 8
66 74
93 51
69 61
44 39
97 35
54 38
36 85
99 76
66 84
91 86
10 59
37 25
54 93
40 99
40 87
51 53
37 61
100 90
1 80
82 87
31 77
87 88
58 83
91 53
48 54
6 68
14 47
96 78
33 58
3 93
3 43
64 85
40 64
30 25
87 27
51 76
68 72
21 99
48 20
16 33
55 56
40 50
12 83
46 56
9 49
94 55
89 66
100 11
64 6
3 88
34 10
60 41
27 80
95 67
40 14
99 32
65 80
17 23
86 63
56 79
12 8
42 64
30 86
61 88
44 43
42 94
10 17
37 23
76 61
59 50
64 7
53 69
68 80
61 68
23 99
46 10
46 45
11 50
19 49
100 40
24 63
76 55
44 85
94 5
59 7
59 89
76 81
7 45
100 10
36 56
96 87
23 17
93 35
32 5
11 81
61 34
28 54
33 72
27 32
34 44
65 10
16 23
94 10
16 95
39 92
38 84
11 4
17 46
51 17
47 74
54 28
3 10
93 1
17 1
44 59
11 67
61 58
82 41
68 8
15 64
43 77
38 36
35 8
38 78
23 65
58 65
61 80
76 53
30 54
28 89
9 87
63 83
91 75
85 62
38 77
63 71
47 81
73 91
96 9
55 40
30 18
78 37
3 47
78 83
100 66
42 45
64 10
51 68
16 50
52 60
38 100
37 9
100 24
51 82
83 29
20 30
99 12
51 79
48 52
66 63
69 54
98 97
13 82
23 41
67 33
81 99
2 41
1 10
93 85
84 100
79 10
41 20
38 83
29 30
57 67
80 98
87 96
13 64
86 62
42 95
93 45
6 100
21 80
39 49
30 82
19 61
96 38
9 23
100 67
96 95
53 48
12 64
14 78
67 90
77 33
98 97
16 71
64 11
84 13
55 7
23 94
74 39
43 19
37 27
47 32
75 30
88 31
77 79
52 42
80 44
41 89
61 20
74 94
30 67
6 20
4 71
69 34
3 96
86 4
26 59
22 10
59 50
42 36
40 70
51 2
40 18
59 41
56 79
46 29
82 61
31 93
63 6
71 44
95 84
92 65
93 87
10 1
8 59
56 99
22 67
71 68
6 27
42 49
31 31
61 94
30 81
95 76
96 79
78 5
78 84
14 50
77 89
77 69
22 90
33 36
29 47
82 18
7 12
62 21
82 72
86 100
96 97
35 93
19 3
85 57
16 64
42 59
69 78
98 10
68 95
70 47
53 21
2 95
7 36
51 49
96 37
69 94
62 12
42 20
100 93
96 45
40 15
55 76
16 81
29 89
20 85
57 81
40 78
26 71
42 20
42 73
10 3
7 22
84 80
8 14
94 43
27 39
87 21
30 65
47 60
67 96
16 29
16 36
88 45
27 22
48 44
86 49
48 89
35 27
92 82
18 77
79 82
43 48
29 56
1 6
82 19
91 29
1 18
31 57
50 27
20 52
32 75
72 81
90 20
37 53
44 89
83 66
81 52
83 77
78 49
39 27
57 39
21 10
91 69
8 9
30 99
37 33
8 73
43 89
32 95
73 8
10 29
75 18
49 33
63 97
10 59
65 9
64 40
26 1
2 22
53 67
88 46
82 1
86 23
75 10
26 19
84 1
56 88
67 84
50 12
48 43
8 28
37 10
46 45
49 57
53 40
66 26
68 92
44 28
19 65
68 94
39 75
85 70
87 8
86 31
42 50
44 85
58 60
70 39
32 59
46 33
1 80
41 28
33 100
50 46
59 30
55 11
64 16
41 20
46 89
24 13
63 83
6 26
46 16
76 89
43 53
54 87
74 85
100 32
69 11
8 60
29 7
27 7
45 70
54 91
11 88
2 25
74 86
95 62
65 80
28 66
44 44
15 38
36 60
26 41
46 4
7 64
22 44
36 16
10 40
14 20
28 20
99 51
91 75
53 28
43 91
93 28
62 55
92 38
51 96
100 17
21 32
42 28
3 7
31 16
42 35
49 41
50 59
27 86
78 43
3 22
11 18
99 46
4 15
14 7
55 78
93 27
37 90
89 78
2 95
23 41
79 38
65 56
65 30
54 12
59 86
74 7
35 80
2 39
1 28
99 29
87 13
73 27
92 79
5 16
55 90
80 66
7 74
84 99
61 23
81 88
69 75
77 80
21 94
91 45
66 73
70 20
24 34
72 53
68 43
85 32
68 1
70 19
71 74
70 36
2 46
67 95
6 59
32 67
74 95
10 51
71 99
32 28
42 97
79 89
70 61
9 24
83 59
54 11
99 11
29 98
47 3
69 55
80 21
71 97
6 44
65 89
36 33
63 37
93 13
81 4
18 25
62 51
78 57
19 68
7 29
51 16
33 17
2 13
91 22
75 30
28 61
30 43
4 76
93 92
93 55
91 12
24 33
47 73
35 6
50 29
94 83
67 52
96 36
10 25
25 98
95 23
26 21
32 45
37 67
58 3
97 14
51 14
48 22
40 77
71 11
58 86
17 66
86 37
8 1
1 64
21 56
35 66
50 25
32 43
81 19
72 51
62 11
99 90
73 71
98 25
41 35
15 44
84 13
31 63
45 76
76 20
70 44
4 84
57 60
16 1
5 56
65 13
84 21
35 37
68 98
87 4
71 63
57 57
23 65
66 90
86 80
62 62
85 20
61 98
7 11
34 31
29 73
41 64
59 9
82 65
89 31
22 2
51 39
81 30
46 73
71 42
80 94
51 79
98 45
38 63
96 13
62 62
28 70
82 11
55 66
27 40
8 3
56 40
14 62
42 47
57 58
67 47
79 85
28 6
93 26
84 30
87 31
39 68
64 61
18 64
75 74
25 1
57 22
95 4
28 89
60 45
39 83
89 26
7 78
8 26
73 4
22 53
18 49
97 78
15 59
57 26
93 2
81 7
79 3
50 11
61 3
16 6
69 89
82 33
20 92
63 41
32 2
20 51
91 46
96 1
50 27
45 36
51 80
5 36
11 67
81 45
20 9
85 64
39 20
68 57
13 100
66 66
80 10
27 72
15 54
61 91
53 27
48 32
98 60
29 43
42 45
89 91
15 70
35 65
29 59
17 87
52 66
11 32
46 28
33 31
70 98
43 58
32 31
41 85
13 53
15 68
9 74
89 63
92 39
67 11
38 35
9 73
3 13
61 89
82 97
77 78
67 62
18 53
78 88
73 95
86 92
85 31
7 97
73 75
100 60
40 77
20 79
34 1
3 85
1 96
23 65
72 60
92 17
94 83
72 50
11 30
3 69
26 4
51 67
46 73
59 68
74 94
13 68
62 53
96 88
81 33
95 87
12 90
99 28
40 34
15 12
27 22
57 31
51 39
72 75
23 71
88 88
18 40
10 81
41 47
21 79
44 60
72 24
68 10
45 47
88 41
88 42
41 39
44 18
98 72
23 87
32 43
17 35
83 6
23 7
61 29
96 13
31 90
51 48
56 33
22 53
24 88
66 50
54 78
28 59
73 87
12 76
42 3
4 18
9 36
84 10
28 49
35 96
4 9
16 1
37 67
29 46
6 43
8 17
73 1
13 10
72 16
63 24
72 26
82 32
60 54
76 93
89 18
59 92
61 62
34 2
50 89
64 55
13 86
89 70
18 37
34 78
54 76
55 19
82 84
51 66
33 100
40 33
5 16
56 94
58 37
95 41
44 37
97 60
86 49
10 3
58 83
32 36
39 29
90 20
44 85
51 63
51 62
100 13
15 51
21 82
45 7
41 51
49 20
33 4
63 80
55 88
68 29
55 72
75 56
82 100
11 69
21 28
67 12
32 94
99 35
48 91
68 26
1 3
3 75
84 16
78 76
28 6
36 5
47 5
39 86
40 67
10 8
7 21
55 39
36 39
53 76
3 50
35 32
23 13
94 41
26 52
55 11
53 9
63 65
60 39
2 97
20 4
50 70
87 89
62 9
28 57
50 82
55 78
12 7
7 3
80 53
74 90
85 14
5 56
28 3
13 75
96 83
33 35
14 59
78 9
53 75
11 27
73 25
76 20
33 57
76 63
39 81
50 1
80 30
85 16
19 74
64 65
18 87
45 94
34 43
35 44
26 6
10 70
51 46
74 39
54 97
4 65
90 92
72 11
88 13
42 28
5 98
39 88
87 96
6 18
50 59
48 19
40 80
1 82
90 15
60 60
29 91
85 50
62 86
1 5
82 73
9 41
97 30
35 81
23 88
53 21
15 1
75 9
47 67
48 98
44 1
83 67
4 54
32 70
98 63
28 22
93 32
81 46
87 24
83 3
34 18
78 23
28 39
13 55
63 78
98 27
41 9
28 95
90 20
13 80
50 86
87 31
85 96
65 72
11 31
89 39
65 58
57 52
97 67
62 17
65 44
57 20
55 5
81 8
92 32
15 12
50 22
44 51
82 52
56 23
14 35
55 96
47 60
85 75
43 51
90 10
89 43
79 66
40 23
98 60
73 86
12 72
43 96
5 31
69 3
71 42
23 53
58 39
45 28
16 68
65 17
69 46
1 2
73 32
60 98
9 60
29 58
94 37
48 5
40 74
26 67
46 50
7 67
78 24
82 14
48 12
39 95
74 23
63 33
35 55
21 57
76 11
12 77
10 62
66 77
62 41
91 47
1 70
80 58
95 30
78 18
42 67
54 44
18 62
62 92
81 83
81 34
32 35
75 49
60 73
39 36
50 52
6 91
79 3
37 6
61 62
13 25
70 28
76 56
82 82
51 23
10 67
3 92
49 16
29 99
60 70
26 43
54 82
30 99
10 88
79 24
31 47
64 97
63 100
52 22
83 49
5 14
79 36
64 91
31 27
46 99
85 30
56 20
60 63
91 51
72 42
24 22
62 70
66 51
3 62
67 68
76 27
32 37
96 89
19 59
54 100
27 74
92 1
43 57
57 53
10 80
2 85
99 78
83 6
51 16
92 99
59 13
20 69
32 48
21 71
100 24
97 86
35 26
62 38
78 76
5 33
2 28
20 44
8 66
55 88
80 70
51 39
71 81
6 83
2 51
2 61
51 42
46 98
26 9
56 74
93 67
32 42
44 24
33 23
36 64
17 8
8 43
88 81
96 25
67 4
1 31
7 52
97 5
47 71
53 25
29 76
36 12
37 42
38 80
3 68
41 10
68 77
15 9
98 65
100 63
3 89
45 22
55 71
69 37
61 98
63 60
84 57
32 33
21 17
55 89
76 92
2 78
51 35
82 30
31 8
65 48
82 53
83 10
55 59
48 94
7 62
64 45
12 36
17 81
25 80
20 57
85 90
32 39
7 44
12 45
85 66
15 64
79 1
90 25
31 92
88 29
19 72
93 31
90 6
1 72
55 99
54 10
18 23
61 97
16 21
73 46
81 66
53 28
4 96
2 85
31 57
28 96
59 24
13 16
50 67
14 22
87 61
78 86
47 2
64 88
30 13
93 5
27 81
59 86
35 91
84 52
54 79
77 81
60 41
16 47
8 58
23 79
39 87
36 7
63 37
94 48
32 86
97 41
51 54
61 88
89 66
63 40
22 25
29 2
62 68
26 20
68 28
45 55
93 12
34 12
15 48
46 45
11 28
68 96
64 70
28 12
18 52
59 44
37 4
18 77
5 8
56 47
53 64
71 66
71 1
42 53
36 33
28 11
96 92
87 54
99 21
75 72
9 9
21 8
60 95
27 52
64 90
17 20
40 63
73 20
95 41
55 65
75 89
28 78
13 14
61 49
13 38
30 43
24 55
28 23
35 55
45 13
89 29
82 51
57 28
67 97
25 77
66 66
39 95
11 78
58 25
26 66
76 98
97 4
89 59
16 3
30 80
46 71
94 2
50 65
56 36
82 37
59 77
94 23
87 32
52 8
5 45
46 5
12 44
61 29
69 88
21 35
60 5
10 6
100 40
81 68
37 38
21 85
64 68
51 84
30 59
39 62
88 52
46 14
3 1
81 61
100 96
36 27
66 43
63 30
31 100
99 85
23 91
68 47
7 31
49 82
65 38
37 69
49 79
81 58
47 28
66 40
17 27
52 36
4 9
11 54
11 30
89 53
24 63
20 29
29 9
57 95
44 9
25 90
66 89
31 83
30 30
31 70
98 18
22 64
54 64
37 20
3 33
62 94
66 57
48 1
6 63
74 20
39 49
55 15
51 28
73 51
22 14
4 23
85 29
20 32
44 39
2 40
40 70
26 78
66 90
72 5
49 84
61 1
74 14
64 6
58 36
46 40
47 33
61 3
91 7
92 44
94 75
76 84
90 28
18 23
23 45
53 7
8 17
4 67
24 59
95 50
6 46
14 12
87 11
55 14
100 96
6 17
71 51
45 61
25 48
65 99
95 87
34 45
1 66
21 92
54 57
4 38
50 46
74 6
36 79
45 57
100 62
56 85
68 88
5 43
89 97
27 21
88 84
99 86
49 54
24 1
81 11
60 92
19 79
13 49
48 42
44 98
47 23
4 98
61 50
63 35
89 100
57 88
64 10
45 30
44 69
15 35
74 6
42 31
41 82
47 47
25 47
34 70
100 95
2 86
14 36
35 71
43 37
1 50
1 84
82 41
14 84
32 85
92 97
6 11
16 82
25 91
24 15
49 74
88 47
64 99
74 91
85 56
33 15
6 70
99 96
29 87
23 31
71 86
42 13
88 80
47 96
50 17
56 37
65 4
11 6
68 32
15 98
22 59
16 95
37 60
16 43
19 96
38 2
18 96
87 26
69 58
72 100
58 13
51 86
100 26
5 58
18 96
87 14
97 78
48 64
32 16
54 96
26 64
64 39
95 50
76 47
40 29
1 89
13 15
59 34
20 66
42 44
44 53
3 70
42 47
20 99
14 14
43 36
41 87
73 17
13 32
45 93
6 5
79 55
72 43
49 64
5 22
97 62
76 14
91 39
65 97
33 67
40 14
93 14
60 25
45 94
49 78
82 23
46 71
53 43
86 29
45 32
73 85
47 72
1 35
67 33
87 92
52 29
24 93
4 59
96 70
56 90
38 4
30 6
20 5
77 25
39 57
55 40
26 47
76 17
4 92
62 7
8 27
47 64
48 5
30 71
36 83
25 14
44 42
83 45
32 52
6 92
4 92
43 85
7 100
100 38
95 9
69 86
2 32
91 13
16 59
10 25
17 18
38 66
91 8
23 57
99 25
27 33
52 48
88 86
41 99
75 63
17 90
60 5
59 2
91 40
63 12
67 69
13 33
49 69
4 62
83 30
80 66
5 87
48 91
95 25
59 70
24 43
67 91
31 73
10 61
97 32
17 98
14 60
50 50
87 72
94 20
19 91
47 53
68 55
50 95
84 62
9 33
9 54
11 49
62 5
68 37
55 2
2 39
83 62
64 23
43 79
74 42
38 44
85 24
19 61
16 58
31 98
47 74
92 98
4 82
53 26
19 18
18 49
71 69
26 78
97 38
55 84
46 73
34 67
21 57
60 84
94 22
64 41
10 46
74 32
66 59
59 31
1 97
74 34
2 10
78 21
43 49
53 10
12 71
53 41
95 55
65 97
94 81
30 6
9 1
58 71
78 65
85 25
90 60
15 8
74 25
1 7
69 39
10 31
100 78
96 61
23 58
43 95
22 42
30 13
37 23
18 52
15 30
27 88
77 96
36 44
20 29
37 31
92 92
2 16
96 16
83 88
38 69
42 63
45 60
85 96
28 29
64 74
13 72
29 35
98 94
2 74
38 24
15 57
35 56
73 56
22 95
86 65
44 58
78 44
60 77
68 89
100 33
74 55
37 54
58 63
29 36
13 85
23 89
87 62
2 79
71 100
54 1
32 70
95 60
34 7
22 48
74 36
9 49
66 39
14 87
68 35
99 76
41 58
60 52
24 58
73 77
79 87
98 72
34 23
53 43
36 75
15 9
50 22
61 91
88 63
96 69
97 28
75 28
58 28
32 93
48 68
45 94
18 46
92 27
57 54
61 7
42 65
87 80
27 6
70 37
34 83
36 43
38 89
5 46
44 24
83 4
69 21
85 74
12 100
31 70
86 28
71 17
45 81
11 29
26 21
31 66
26 82
40 69
35 7
82 9
10 61
17 97
16 20
78 29
21 58
40 17
28 23
16 71
13 86
58 41
19 75
81 85
62 69
51 55
56 78
40 96
73 16
3 96
73 74
82 35
41 56
38 68
42 23
71 98
45 1
25 14
34 79
71 40
36 71
66 93
16 5
98 89
53 21
100 42
75 3
7 1
39 21
5 39
3 16
57 95
83 37
2 65
14 90
61 70
53 45
83 91
88 65
81 99
42 99
65 57
44 30
33 33
85 33
85 94
44 33
72 56
97 95
11 91
61 67
24 83
48 35
89 69
96 77
27 70
96 62
16 15
90 87
91 5
85 70
83 81
17 46
62 74
100 34
100 38
57 83
78 51
31 76
36 99
20 98
51 78
78 51
31 70
6 48
85 55
80 26
94 28
26 68
15 10
72 39
79 35
75 46
86 78
76 96
37 1
56 27
50 99
21 58
86 23
76 26
67 21
49 57
15 16
95 19
29 55
64 13
86 95
7 39
53 36
100 44
67 80
20 73
94 41
62 34
47 63
100 76
33 5
42 76
64 67
99 22
18 64
30 90
21 77
97 86
65 25
87 28
95 18
51 79
70 76
70 92
12 57
34 24
60 45
77 18
27 26
39 82
37 95
60 55
42 88
76 20
53 50
21 79
15 17
38 70
35 45
88 64
40 20
17 6
64 40
43 44
48 54
96 38
55 3
47 90
75 22
29 81
25 77
25 54
21 91
25 6
35 50
95 73
84 86
10 99
43 58
64 6
65 53
39 71
83 76
87 95
36 18
60 12
66 71
29 65
1 42
76 54
17 28
38 67
91 38
61 18
7 31
100 11
12 17
27 40
13 98
80 65
35 100
93 70
75 65
59 15
1 80
38 27
45 84
66 51
37 36
38 57
7 23
51 56
53 17
35 38
46 89
61 49
14 4
4 15
60 89
16 32
99 39
17 72
96 84
71 57
59 96
92 9
44 98
16 100
10 4
58 73
96 33
4 23
40 86
56 46
10 41
68 33
30 94
67 82
21 62
73 68
23 78
33 49
24 52
32 88
69 52
13 52
22 46
83 18
78 82
35 7
56 15
86 94
63 41
29 20
84 17
67 29
92 26
51 54
6 13
75 24
9 44
68 96
93 12
11 90
82 8
7 47
74 73
48 14
57 87
35 27
94 48
51 75
83 68
27 79
19 9
53 3
39 48
47 28
23 43
36 52
42 68
97 90
21 74
64 50
100 62
65 47
37 85
91 31
50 76
93 82
77 32
14 9
94 80
21 17
7 87
9 40
70 10
81 99
96 78
83 81
77 5
86 67
48 59
56 45
68 11
37 99
31 75
5 19
38 8
56 2
81 57
20 17
41 99
86 79
75 9
89 80
30 72
55 16
100 62
86 24
45 11
94 39
85 60
15 1
31 76
98 32
94 95
91 100
59 17
30 41
50 23
70 43
37 4
80 25
83 58
56 64
82 97
93 50
84 45
1 74
94 52
48 27
41 15
83 65
56 93
47 74
54 44
17 85
30 19
21 39
96 71
48 54
6 10
11 19
15 84
84 91
42 44
94 82
58 55
96 43
93 40
58 33
66 92
23 86
4 90
26 5
84 61
8 38
77 100
45 47
82 99
31 19
52 85
75 33
98 61
62 26
89 84
7 55
11 55
21 11
51 69
95 48
2 20
57 51
80 5
82 69
98 76
73 91
26 13
89 25
88 72
84 95
60 39
85 48
56 53
40 52
23 57
15 63
50 68
15 54
26 76
93 30
86 1
9 91
34 25
46 42
68 91
3 22
19 60
10 59
81 2
55 56
1 72
95 55
8 98
42 63
59 44
1 81
14 57
80 62
36 62
47 76
55 28
95 66
4 90
48 77
10 23
37 64
92 80
59 4
33 60
97 17
48 27
83 83
98 64
94 40
86 46
80 21
11 50
8 48
82 87
20 65
16 62
29 3
100 27
55 93
60 11
82 16
24 24
39 36
31 34
27 15
38 51
17 88
79 29
90 79
14 22
66 60
10 36
76 94
58 15
82 51
33 36
27 13
79 79
85 79
13 83
62 36
36 100
17 87
76 65
61 24
58 83
46 73
20 58
30 49
25 87
94 9
13 85
73 24
69 92
89 93
94 59
49 10
86 28
93 74
32 26
76 10
33 10
7 89
15 42
7 67
53 70
61 8
67 44
23 48
7 71
10 69
68 74
74 98
90 57
78 43
90 12
60 50
16 19
51 100
78 34
31 9
26 46
12 31
43 27
59 50
40 80
57 100
38 72
30 23
79 54
90 27
3 23
77 84
50 46
28 5
69 45
93 22
89 6
23 31
2 16
91 77
37 59
26 89
20 65
9 95
78 39
1 4
1 55
91 75
71 43
79 77
93 82
22 47
14 58
26 8
79 26
5 6
64 68
33 49
75 61
7 82
38 76
37 22
94 73
69 44
7 11
95 63
1 91
50 15
99 94
8 61
22 69
19 69
20 48
82 95
42 37
91 46
7 49
8 41
38 3
17 34
87 28
90 19
85 11
77 79
74 54
38 3
91 89
21 89
90 21
92 20
6 31
30 100
29 54
15 88
63 11
9 14
62 27
62 7
85 50
75 18
94 94
76 17
59 66
41 78
60 60
9 56
93 85
64 86
73 39
6 35
47 19
90 43
16 89
65 61
54 48
84 69
79 18
66 96
9 8
6 10
9 86
91 42
77 69
69 68
70 69
53 63
46 89
40 70
90 40
1 25
19 73
15 24
74 15
4 71
34 23
15 78
45 69
23 91
77 57
25 2
16 50
48 24
58 79
11 35
23 62
30 84
21 65
49 66
86 51
10 51
73 87
69 1
69 95
4 58
22 16
44 99
64 47
34 45
97 79
54 37
47 77
30 94
79 60
2 4
52 11
51 47
78 72
76 20
44 31
56 4
19 81
81 27
65 1
41 91
51 12
26 60
91 31
63 54
89 59
62 1
34 32
20 48
9 50
75 6
30 60
21 64
88 90
21 83
96 2
19 73
22 65
24 22
42 15
51 69
59 96
84 46
58 28
93 50
75 62
12 45
11 84
25 15
58 6
92 83
95 28
4 72
56 28
73 20
52 1
28 86
10 36
30 54
12 65
34 20
59 74
1 21
4 82
50 73
40 65
54 2
32 97
54 75
8 52
76 85
65 45
19 26
5 80
94 26
74 22
90 35
25 92
27 71
84 18
60 61
18 95
38 5
34 51
12 15
51 89
100 99
90 87
99 48
52 90
41 26
90 30
99 10
14 14
78 59
56 40
13 12
60 28
78 47
26 77
5 28
28 23
52 2
26 47
2 21
8 96
42 1
63 67
83 6
13 42
10 4
83 40
79 29
39 92
44 9
91 42
50 25
67 6
73 27
38 93
74 21
36 29
35 96
26 28
51 18
18 42
51 51
61 30
20 25
46 51
77 62
77 36
83 91
68 50
43 30
81 45
20 95
48 80
63 42
6 89
99 87
6 80
64 99
10 70
46 87
46 29
21 67
25 90
60 17
48 40
42 90
43 35
96 3
64 11
37 96
59 42
75 25
64 51
82 41
15 36
26 8
13 55
87 44
6 88
88 72
34 86
90 11
4 83
78 6
17 49
70 5
33 95
46 51
88 87
9 93
87 17
43 24
41 19
61 32
48 62
29 27
94 69
74 55
41 17
94 12
55 82
50 74
77 4
37 25
90 79
17 26
99 87
39 74
62 46
61 100
11 60
97 99
45 66
19 71
21 22
27 97
96 2
28 98
26 9
52 17
91 93
50 4
17 67
4 74
18 25
44 3
84 46
61 8
82 87
53 70
44 24
78 79
78 65
98 62
53 98
55 100
58 52
19 85
71 98
83 81
3 78
34 58
46 33
9 81
9 10
72 18
71 5
71 21
44 91
18 78
49 7
26 93
68 17
73 42
53 62
76 59
85 27
95 68
77 47
12 90
43 73
44 71
89 91
78 21
19 68
53 9
42 57
65 82
76 42
32 14
13 65
99 11
6 91
90 30
46 1
68 44
11 86
40 78
14 92
63 55
37 16
71 16
48 14
59 99
18 20
84 90
33 57
91 82
60 21
25 95
20 52
55 27
21 20
66 75
91 35
37 37
80 19
8 78
16 64
49 49
70 39
21 25
52 4
78 92
51 3
34 8
96 10
74 98
58 15
64 25
23 27
6 56
72 62
36 36
21 5
95 76
57 87
71 89
43 57
34 64
21 88
94 37
92 65
45 54
49 7
83 13
14 58
52 43
48 27
98 85
99 19
77 99
14 85
97 82
1 80
24 66
100 56
49 5
94 55
40 3
2 99
2 18
57 3
51 31
24 95
75 78
15 36
94 11
21 83
36 26
86 53
100 39
23 23
78 61
49 38
18 56
37 61
79 5
74 14
65 3
92 83
83 27
96 70
32 79
35 35
56 30
87 72
65 31
39 69
3 80
62 49
60 1
83 92
64 66
88 63
5 73
89 1
6 99
62 16
97 76
27 55
33 68
50 17
41 29
6 74
74 55
4 76
99 99
83 61
86 16
8 2
38 33
97 63
99 86
61 18
14 85
41 97
10 100
22 12
6 30
99 82
16 78
67 54
17 18
90 30
41 59
76 67
85 52
11 80
56 6
74 3
63 95
74 72
1 10
72 69
21 37
95 69
89 88
48 33
22 1
66 32
25 28
95 42
18 2
100 28
39 28
36 45
76 34
25 28
56 36
2 80
38 59
92 48
56 57
61 48
40 65
58 63
74 75
61 60
29 62
82 82
77 19
16 71
36 5
46 44
60 49
39 85
56 16
61 57
51 10
25 47
81 66
83 88
59 11
67 3
97 89
52 84
6 33
41 53
84 52
61 34
5 3
39 9
1 31
86 73
76 31
45 94
10 35
75 97
21 37
68 100
88 10
83 41
98 14
35 48
76 61
11 41
14 11
87 54
79 36
28 33
4 59
27 38
11 8
13 88
4 80
77 68
88 62
58 93
92 31
82 90
56 89
75 73
53 44
62 78
19 5
62 11
11 59
70 5
56 34
49 51
24 21
4 33
34 21
73 76
34 80
63 4
24 3
86 42
52 98
4 47
37 51
4 45
9 86
66 8
69 65
84 12
97 36
55 73
18 70
68 94
2 40
49 22
28 9
11 52
80 91
82 51
1 61
51 2
13 85
4 8
25 92
64 93
42 20
62 82
52 33
96 52
81 56
44 33
39 19
70 80
9 33
59 20
31 96
78 53
9 60
67 47
58 52
12 52
85 30
51 70
99 43
20 16
58 23
13 67
82 90
91 28
15 88
27 76
2 27
69 100
51 70
99 82
82 84
61 44
16 41
80 28
44 72
81 55
23 66
47 42
65 82
15 37
73 17
7 14
75 60
88 74
64 99
41 90
1 5
25 89
68 26
32 96
91 99
97 34
2 28
98 56
20 98
93 8
69 100
78 18
98 47
80 75
76 57
92 58
5 70
59 7
4 76
52 61
32 13
70 51
56 82
15 23
94 47
89 11
17 8
16 84
3 78
28 3
50 41
80 25
37 76
36 82
62 76
47 65
43 6
72 71
21 88
9 6
93 12
76 48
6 37
61 24
77 50
33 18
24 42
30 13
92 27
99 66
48 1
17 59
51 44
25 59
97 97
48 16
3 86
73 85
59 9
42 34
94 37
70 52
64 37
61 57
87 98
8 75
36 48
94 15
78 74
95 74
56 49
33 83
1 64
80 56
70 97
22 26
48 15
27 65
79 33
85 9
90 78
99 25
40 73
67 18
90 10
58 11
41 13
59 82
83 19
70 92
37 40
22 56
84 40
36 85
81 56
11 5
57 58
21 96
72 91
91 98
76 41
68 64
30 77
78 5
97 99
98 88
25 60
25 36
34 70
42 73
45 58
73 93
95 3
65 37
86 3
11 76
48 98
27 60
37 89
10 60
78 55
96 10
6 73
75 54
86 8
68 83
93 17
38 5
34 20
3 58
36 4
69 48
33 86
46 87
14 19
100 3
47 15
73 85
84 52
44 87
11 60
78 76
75 62
63 25
88 58
52 4
48 47
3 31
81 16
46 37
83 98
19 42
12 81
51 41
3 29
37 53
66 43
21 9
80 87
70 81
58 72
71 20
80 39
13 51
58 9
30 34
67 76
36 61
69 26
97 38
42 23
13 26
100 80
16 68
68 72
74 85
32 24
64 80
64 81
21 58
89 24
74 30
93 30
13 69
30 69
20 100
83 79
96 56
75 100
35 75
67 89
51 33
49 47
16 94
34 29
53 42
82 94
38 13
26 59
77 80
31 64
78 19
12 100
7 17
43 74
55 17
44 65
6 2
39 55
90 1
61 98
89 49
28 27
23 3
98 23
9 31
91 7
2 51
82 11
57 55
42 47
35 77
33 88
6 18
48 64
22 8
84 24
7 5
13 6
8 84
81 36
27 7
83 39
40 53
20 95
54 40
30 38
43 77
72 35
11 23
9 97
33 53
80 4
13 84
35 84
85 41
14 36
70 6
3 36
49 11
88 29
70 87
84 72
60 32
70 6
78 71
42 23
50 39
29 58
74 9
15 60
59 56
7 19
42 10
95 17
96 78
16 41
2 28
36 17
45 90
2 92
90 40
87 78
81 38
47 93
19 88
61 35
41 78
38 6
8 50
58 43
93 43
5 54
10 43
34 12
34 99
54 10
27 48
35 9
46 50
85 14
71 73
65 88
60 56
24 40
94 5
82 45
1 88
59 12
12 28
50 37
75 7
40 31
30 1
35 4
74 43
68 41
14 4
42 4
50 1
17 58
23 37
69 100
87 31
54 57
26 27
7 18
29 26
82 20
98 18
52 56
40 49
21 25
29 65
58 75
61 24
72 16
40 25
12 87
99 87
98 42
63 36
14 80
99 68
2 96
63 67
36 69
65 36
70 38
22 92
99 100
88 39
83 65
27 93
91 63
30 39
6 58
91 63
67 30
70 77
28 4
82 68
27 50
12 1
83 10
31 69
38 51
36 89
76 10
19 53
38 56
15 33
59 43
15 68
18 74
32 62
90 80
41 85
19 84
25 6
94 26
20 96
34 78
52 13
84 82
85 93
36 37
38 84
13 97
58 23
67 32
95 97
87 15
23 2
86 59
24 80
41 100
12 90
1 66
100 89
7 70
20 21
58 82
92 100
24 9
81 21
69 61
7 91
90 94
1 83
29 73
10 20
98 64
95 45
69 14
85 56
17 86
12 93
96 45
79 29
16 27
98 64
34 61
62 85
36 88
13 8
32 65
58 16
43 14
85 42
92 88
57 86
21 29
13 13
26 47
86 11
20 54
23 9
24 71
2 81
37 98
26 5
67 81
56 98
57 29
91 78
72 32
47 51
64 95
36 69
80 23
38 90
33 19
64 25
88 72
79 85
69 43
64 22
22 6
41 20
23 49
84 64
69 95
60 55
26 34
56 30
42 47
9 74
59 73
87 31
58 83
87 100
83 36
84 84
76 67
20 76
63 75
64 91
29 5
50 67
23 51
73 46
47 63
14 67
70 61
90 26
57 33
68 61
96 48
1 65
59 97
53 53
99 27
92 5
15 57
12 89
43 49
20 19
88 28
17 77
6 46
1 32
94 57
74 70
97 4
27 27
21 39
72 7
56 48
22 29
10 91
54 54
42 45
88 31
41 70
91 41
46 89
34 44
94 32
35 94
44 56
35 8
98 74
90 25
34 43
9 34
87 21
65 63
79 22
29 48
2 56
55 29
72 38
75 78
39 74
61 97
97 43
24 66
48 25
67 61
97 71
58 14
70 33
72 46
51 82
92 16
86 31
37 11
34 28
31 97
29 6
71 79
22 34
90 72
46 21
1 66
48 17
15 72
66 19
19 69
90 85
88 33
99 78
46 21
85 23
75 83
18 93
98 36
53 16
26 13
55 34
42 24
93 20
79 60
9 84
63 94
32 52
85 10
27 86
1 25
85 45
2 95
44 74
16 64
59 70
47 59
24 7
13 51
6 81
47 50
45 35
31 51
49 55
84 75
47 22
34 57
93 35
76 78
37 26
16 91
17 100
33 29
21 93
18 32
68 88
42 26
47 90
3 98
16 61
80 35
55 23
18 15
39 64
49 58
7 72
27 77
32 33
60 91
70 15
6 45
59 20
84 57
3 2
68 65
78 27
93 20
99 37
76 30
57 86
74 44
87 69
95 83
55 21
65 61
10 42
36 3
30 14
21 57
57 37
57 43
83 100
39 69
46 15
72 98
16 53
94 92
64 20
43 67
100 73
43 71
39 81
45 55
39 33
94 91
69 67
82 24
51 17
67 38
85 85
83 79
56 38
49 11
76 66
3 18
89 57
23 69
3 45
47 43
40 26
74 75
22 35
99 64
34 42
80 68
92 17
96 37
52 69
72 55
81 91
88 61
8 28
56 19
71 21
72 44
30 36
93 74
85 30
9 51
23 58
47 45
95 16
11 28
86 69
94 61
60 14
21 50
18 35
58 1
63 75
92 35
5 64
44 62
14 76
91 41
48 41
30 6
6 1
40 80
4 83
39 50
9 68
2 75
82 49
73 8
86 72
21 91
64 66
46 5
49 8
70 22
3 28
55 71
93 26
4 17
59 78
24 24
80 56
12 87
30 99
6 18
2 58
89 83
81 21
19 10
18 98
45 46
89 7
6 9
43 87
6 95
7 47
96 69
44 23
42 37
32 5
88 56
57 17
3 21
26 69
4 36
36 32
32 97
10 61
29 2
29 93
54 70
72 41
31 16
27 21
60 79
93 10
83 31
84 40
80 8
12 72
76 61
5 27
87 60
73 95
2 84
47 52
9 63
49 1
66 17
71 9
14 28
53 14
12 1
39 92
15 48
83 47
99 72
43 17
15 85
19 5
61 37
41 83
70 28
3 23
64 67
41 19
29 100
92 79
26 4
58 45
16 77
23 41
37 9
59 70
95 86
97 78
36 91
78 47
18 82
3 98
17 48
21 28
8 43
22 14
37 31
36 46
36 31
83 52
79 28
12 98
55 77
53 90
53 25
44 43
43 46
82 71
13 23
46 48
68 5
62 98
86 49
18 15
69 10
21 72
44 65
52 52
64 40
7 10
36 2
45 12
83 35
19 77
69 4
42 2
100 98
65 57
40 48
5 81
94 82
27 82
13 40
41 56
5 17
17 98
31 32
6 69
49 32
21 77
28 83
83 51
8 66
55 79
63 95
47 12
96 11
98 22
25 21
68 79
70 22
5 69
16 10
7 35
70 87
71 90
95 73
34 66
76 53
92 9
47 74
16 83
5 61
66 87
48 92
73 25
100 30
69 28
30 76
12 42
81 11
82 57
69 96
75 24
97 4
8 83
77 85
38 11
32 64
30 65
82 53
80 9
41 85
71 74
74 90
40 25
98 52
78 77
46 61
77 9
78 57
66 92
68 12
91 19
97 49
64 2
84 88
36 52
92 58
80 28
74 56
28 92
14 21
79 39
14 24
30 12
35 89
4 20
97 51
8 72
33 74
74 63
9 58
7 49
22 59
67 33
57 98
36 33
100 96
45 59
26 58
8 97
29 5
28 41
31 50
37 74
83 37
5 75
37 45
75 37
85 27
6 95
4 88
8 1
72 20
39 4
93 49
72 41
35 11
47 84
38 38
18 4
3 60
5 56
81 11
49 92
8 66
75 71
29 79
40 99
26 69
27 39
23 35
38 88
37 45
72 40
10 25
75 15
94 37
57 42
8 98
53 97
32 81
55 11
7 5
84 65
99 16
43 47
17 34
42 26
64 42
53 87
4 72
83 66
99 59
15 34
54 4
63 8
7 6
62 91
38 19
43 79
10 35
60 5
74 16
36 81
91 5
76 93
67 24
76 26
74 45
69 52
12 68
78 94
100 10
16 74
55 90
74 30
20 31
17 12
82 96
95 92
2 68
94 19
11 35
68 2
56 53
12 75
37 81
15 59
16 93
40 85
81 64
21 46
35 8
64 61
30 6
48 33
98 66
99 85
77 83
95 43
87 38
8 72
13 53
46 82
77 24
28 67
4 43
12 62
9 39
11 100
32 29
7 20
50 31
87 62
96 22
15 72
62 84
89 70
21 71
95 84
78 65
74 25
5 38
66 55
70 90
11 64
31 95
8 78
46 59
54 51
100 58
39 50
14 43
91 86
63 7
38 24
63 82
47 19
27 12
17 40
60 31
84 18
96 83
35 71
86 82
67 7
10 78
26 17
57 67
53 28
46 81
70 39
53 69
47 68
74 47
55 42
97 60
22 49
29 21
63 38
11 28
31 11
13 17
93 16
82 4
16 27
95 97
45 5
47 92
45 13
47 66
89 60
81 47
84 66
21 21
85 56
44 93
86 66
21 97
44 32
94 6
28 39
4 39
29 1
53 9
87 21
36 49
47 99
18 19
68 4
61 76
81 80
50 5
76 33
42 49
99 24
39 17
69 45
24 43
79 88
95 82
15 13
100 88
45 71
30 43
72 88
99 60
83 71
39 89
81 32
13 93
1 25
79 22
90 81
35 90
39 93
6 34
10 72
88 55
18 31
16 13
69 33
81 30
43 61
33 35
16 70
97 25
44 42
82 27
81 74
82 46
36 89
30 93
92 35
78 42
87 3
85 60
95 48
79 26
100 93
36 5
2 16
55 61
10 56
98 82
32 9
32 92
88 87
89 79
49 29
9 53
60 25
92 76
61 93
59 73
48 16
54 17
96 25
6 65
100 22
89 61
36 29
86 25
61 8
85 84
36 7
85 44
33 2
69 89
81 91
19 5
97 85
81 29
19 46
98 82
2 1
59 74
93 35
2 55
44 43
29 60
82 81
99 19
18 21
28 23
69 19
15 44
12 64
85 27
6 82
43 38
55 65
90 95
35 15
2 80
81 61
45 63
84 82
78 31
83 100
58 70
10 80
33 24
44 91
76 1
52 98
78 14
89 21
12 66
33 16
70 74
63 2
70 45
76 3
39 46
15 39
26 19
60 67
87 99
99 44
48 65
92 77
70 67
82 22
65 26
92 43
80 31
40 81
83 59
94 55
28 81
55 43
45 60
43 96
85 68
67 7
68 41
99 33
11 71
35 91
99 46
92 27
74 58
46 87
41 87
44 15
55 5
95 56
37 78
22 73
61 78
25 73
17 76
81 63
94 20
68 61
76 64
77 17
19 79
34 83
82 78
4 42
92 65
83 61
4 98
95 65
49 63
5 10
22 22
82 61
2 84
21 72
39 15
63 92
76 33
12 6
52 49
51 25
33 24
50 55
94 2
60 26
40 70
91 57
83 91
50 75
11 85
53 35
5 3
38 53
68 10
8 99
79 14
37 8
40 96
18 69
61 76
58 69
23 27
19 62
85 31
68 12
66 62
10 70
37 60
89 55
47 45
33 15
97 19
46 90
100 44
25 12
79 2
29 29
13 14
44 47
86 22
25 33
98 67
58 74
79 22
41 83
93 58
89 46
24 74
34 100
98 75
28 63
60 66
48 3
86 23
11 41
24 40
9 94
71 35
82 15
15 86
58 9
47 86
94 91
88 61
92 49
41 87
43 47
62 46
96 38
14 98
16 15
15 66
84 38
77 52
53 68
78 82
4 60
44 43
89 22
91 87
49 81
1 19
98 92
91 92
26 79
98 100
43 11
86 6
10 1
37 17
33 82
11 7
47 93
49 98
65 89
51 96
38 26
15 63
80 1
26 83
20 58
33 31
92 13
77 69
86 8
30 78
96 48
66 25
26 15
20 31
36 77
95 59
56 70
41 59
94 50
96 63
70 30
39 52
18 14
4 64
85 11
65 67
43 63
12 97
14 99
11 43
32 17
64 54
46 93
38 64
64 93
72 44
2 7
37 100
67 46
96 61
11 49
81 65
58 67
56 49
23 100
38 44
75 11
41 84
79 96
23 48
2 19
2 34
79 30
38 29
97 80
92 70
72 19
74 66
45 3
22 7
1 3
75 64
67 67
22 89
34 7
42 64
4 63
14 77
64 59
83 45
25 65
44 57
84 76
4 83
28 92
11 97
64 48
28 13
32 70
47 38
56 41
2 48
22 31
49 13
94 45
6 30
19 20
49 28
91 33
96 9
50 25
98 41
99 98
65 53
52 12
1 1
97 75
71 53
59 67
22 14
9 33
5 54
66 42
14 18
48 94
97 86
9 6
75 30
64 41
44 58
22 56
15 79
77 4
50 45
72 96
98 89
48 55
71 100
7 30
23 94
8 50
51 7
55 9
11 84
85 90
55 22
61 42
98 72
51 85
94 74
37 78
47 40
25 34
25 67
71 61
8 58
31 86
67 13
25 80
81 59
23 81
81 16
38 52
32 49
81 97
23 38
86 48
55 36
86 86
14 37
36 87
78 41
77 45
8 91
74 11
13 6
13 73
3 64
77 67
19 40
61 45
54 51
98 83
54 50
16 16
46 41
38 63
20 7
9 23
6 48
80 31
7 11
57 51
92 70
89 54
35 75
92 21
94 44
47 98
82 12
3 88
94 91
63 54
99 88
65 78
18 38
37 44
44 26
61 23
16 22
72 11
30 52
74 44
83 92
87 54
61 60
71 85
88 47
17 31
90 12
79 24
27 64
62 93
15 33
34 52
40 56
40 46
6 65
14 22
85 93
59 46
55 57
12 88
90 89
62 7
81 7
24 29
81 46
91 30
25 81
20 62
86 56
98 12
6 77
22 57
61 22
27 47
2 2
25 28
56 9
8 69
72 2
80 90
88 48
12 17
20 50
3 99
8 58
2 29
51 79
40 34
35 39
71 37
28 61
75 98
33 16
56 10
40 55
59 91
17 89
32 84
27 56
99 100
22 10
60 96
76 65
17 4
21 16
94 67
28 93
66 82
1 100
57 97
8 23
76 7
99 36
49 71
83 76
31 27
99 13
68 50
89 26
73 37
33 45
17 33
47 30
38 83
32 66
53 39
8 67
84 6
27 2
9 27
38 88
88 64
79 77
41 70
15 18
59 93
42 98
48 37
72 64
67 33
95 7
66 20
53 41
75 78
88 16
13 7
19 70
34 19
58 4
16 9
21 65
69 61
84 63
83 52
3 23
96 21
85 89
9 59
34 67
5 36
62 58
49 72
30 96
97 27
33 68
81 27
87 19
29 81
88 77
34 29
84 63
78 23
58 70
82 89
83 99
38 55
61 24
24 26
56 76
13 76
55 67
76 23
33 36
4 56
77 58
69 22
4 44
30 74
35 16
1 13
81 59
5 61
90 91
68 44
23 16
49 47
40 75
97 37
100 36
26 75
40 75
75 63
98 22
73 3
95 13
37 76
87 30
44 6
48 49
23 11
74 90
83 80
69 86
91 54
63 36
99 85
19 13
25 57
11 53
34 58
78 60
84 29
33 63
89 3
63 76
94 86
90 1
21 2
44 75
60 94
82 86
63 95
60 70
47 48
65 58
40 46
57 72
16 65
4 44
17 52
92 94
65 66
69 89
12 66
68 65
90 88
94 3
93 32
99 28
53 87
30 55
54 31
27 51
98 52
55 88
72 76
50 77
76 91
50 22
3 47
34 62
90 5
46 36
70 17
66 18
10 3
86 34
13 70
48 8
14 29
58 7
1 60
17 79
86 40
54 68
16 82
68 21
83 57
30 31
10 93
55 19
72 27
23 9
53 75
8 39
67 45
93 85
58 7
2 6
9 1
44 63
5 94
53 46
55 27
51 38
97 30
85 61
41 68
43 66
82 49
56 56
83 87
21 98
93 82
35 9
43 35
60 71
95 64
2 89
100 75
24 31
55 85
9 87
46 5
30 87
43 53
35 87
68 52
81 26
31 72
19 24
41 78
90 60
82 100
90 54
75 34
9 24
75 40
34 57
99 31
6 86
18 70
18 40
19 75
54 14
100 22
39 3
74 69
99 26
66 29
53 90
52 76
11 92
18 3
100 47
64 38
9 46
21 77
3 43
20 1
66 36
95 100
53 46
68 29
94 34
47 40
87 95
23 84
81 79
16 38
7 81
92 65
22 11
73 38
20 1
7 14
91 33
50 65
72 33
1 77
99 78
28 8
85 54
100 43
11 93
5 31
84 99
56 20
38 61
98 44
57 4
67 37
81 82
67 34
41 64
70 14
79 87
54 38
34 64
82 16
42 5
89 29
54 89
80 25
60 4
87 39
33 25
77 38
94 21
87 46
26 51
95 44
9 54
34 53
50 71
54 40
92 89
7 34
2 91
8 1
40 20
70 65
92 85
65 22
72 88
50 34
98 58
12 10
13 5
13 38
74 36
88 90
55 85
5 70
39 25
72 83
71 49
45 79
10 86
47 37
35 21
4 85
14 29
13 69
24 98
78 65
45 72
44 51
7 27
29 91
73 60
56 9
91 31
49 36
88 50
23 2
41 58
96 12
28 93
41 44
21 92
15 65
63 6
98 47
99 52
96 34
8 46
95 27
54 42
54 77
88 8
81 46
68 34
12 51
59 88
26 71
24 6
82 58
89 45
81 41
59 96
25 2
5 52
14 58
52 18
100 37
37 79
96 37
67 48
74 61
15 44
18 24
38 98
37 26
10 83
10 42
31 91
10 12
91 27
57 98
60 100
98 6
20 61
61 18
35 2
71 94
5 31
22 85
6 55
45 2
46 59
25 93
68 74
73 47
86 2
20 14
30 22
98 32
87 37
24 73
15 95
35 91
60 75
57 10
52 29
2 81
5 61
82 51
65 71
12 9
71 24
18 82
90 21
50 52
45 71
53 91
27 59
25 52
12 79
5 96
80 72
47 13
32 97
57 7
34 84
25 58
89 59
57 88
49 66
75 98
67 39
68 4
36 22
47 64
82 30
24 79
3 36
85 38
90 51
14 30
28 7
48 47
44 82
55 54
94 88
96 89
16 73
40 51
16 48
35 76
56 34
31 70
12 37
25 89
80 27
68 64
78 38
55 84
68 88
25 44
21 22
43 34
20 49
30 77
57 65
30 24
49 74
30 89
44 55
45 22
57 77
92 88
96 68
52 36
90 55
59 99
38 66
42 68
67 59
18 33
59 2
76 3
66 18
41 94
14 75
93 16
41 69
6 63
3 92
53 24
97 42
9 31
34 83
31 16
42 47
4 84
65 81
52 97
45 50
39 50
14 75
23 75
44 51
54 16
98 36
4 95
74 21
74 59
9 36
76 62
88 2
40 94
31 31
44 83
49 2
54 68
48 32
53 93
79 24
63 19
93 91
90 90
32 84
43 11
1 87
17 77
46 98
97 6
21 41
34 61
39 22
32 58
33 95
45 55
45 34
19 54
44 81
34 1
43 4
24 88
4 31
32 57
82 56
69 68
52 1
47 54
33 6
42 76
96 70
89 4
10 78
20 35
52 94
58 15
43 67
45 98
13 92
31 60
26 49
34 70
43 33
75 43
81 66
4 51
41 35
49 6
67 1
23 58
96 18
24 8
61 10
54 25
41 98
32 59
70 95
21 41
30 23
14 67
95 67
93 87
85 64
63 49
35 65
36 24
33 41
29 13
88 53
83 24
10 74
53 61
28 64
85 88
94 61
95 87
10 15
71 59
23 67
66 50
66 80
54 5
98 83
73 22
76 65
55 59
22 6
15 56
18 75
96 52
58 30
88 91
26 71
48 52
63 79
97 45
37 37
91 52
71 61
92 50
38 96
7 67
21 51
77 28
47 59
76 88
90 81
63 22
39 44
93 89
53 8
65 97
19 79
13 18
44 25
93 2
85 44
3 28
30 65
1 50
52 34
6 86
38 32
29 13
70 24
94 71
58 89
54 59
80 96
77 34
18 92
54 74
17 59
19 93
85 69
17 89
96 63
82 14
95 98
29 23
6 17
55 70
18 28
76 74
49 27
55 5
44 79
85 53
67 71
90 54
98 45
94 99
39 62
88 14
96 27
81 32
55 46
35 97
51 92
18 75
48 28
75 38
78 64
3 15
62 27
70 81
94 15
68 57
2 59
60 31
26 99
31 50
93 46
16 8
55 81
70 54
64 67
48 54
25 29
28 97
22 22
29 12
44 25
47 69
99 98
89 55
40 94
37 71
89 39
96 64
5 95
90 58
74 100
44 45
36 84
47 23
64 66
60 95
92 29
43 95
77 75
16 14
46 56
21 83
39 60
92 65
53 3
7 95
88 59
13 10
67 43
54 8
63 86
75 19
66 6
67 87
5 66
73 80
24 98
76 63
33 93
11 22
32 31
52 26
73 64
64 21
27 13
75 61
59 58
74 47
71 3
36 83
17 27
8 60
3 26
65 47
25 38
79 84
17 44
95 7
29 80
52 27
62 70
43 77
52 74
40 85
87 2
38 18
40 3
57 74
22 17
90 94
30 43
38 74
97 7
39 81
13 89
27 16
71 90
26 45
39 38
46 38
72 78
61 82
66 48
76 79
97 12
17 20
89 8
89 57
34 10
59 49
12 88
19 16
23 13
28 9
7 74
49 28
68 11
33 88
44 99
40 43
25 49
55 67
72 77
16 5
10 50
32 70
75 26
82 61
4 43
56 72
9 54
26 79
54 9
81 7
21 81
78 1
77 34
12 64
13 83
55 61
77 20
74 61
44 29
18 30
9 20
55 94
55 31
44 91
95 48
38 31
69 28
38 70
73 5
68 34
4 100
66 13
69 43
100 62
25 11
19 73
79 48
6 24
56 39
18 34
61 4
40 18
93 94
20 37
74 100
2 55
100 57
56 55
64 42
32 36
49 62
99 14
32 27
90 38
45 99
19 59
3 82
59 6
88 46
47 95
55 18
35 63
85 31
59 52
53 75
24 40
13 28
21 51
98 29
30 67
88 44
36 84
50 52
3 95
10 99
60 47
68 62
56 19
35 44
89 15
37 97
73 49
4 64
68 89
53 19
81 32
8 56
49 6
8 23
16 78
84 55
20 70
46 66
55 75
91 6
51 58
27 60
39 36
38 46
45 11
48 63
2 81
93 1
18 60
96 96
13 3
53 29
73 12
60 61
92 2
52 39
32 1
47 20
90 60
64 62
76 98
15 26
58 17
24 58
27 54
10 73
11 73
29 49
19 32
66 79
33 37
82 81
46 45
34 93
61 70
85 83
5 17
62 41
13 64
43 58
11 74
91 56
66 84
80 63
48 58
96 16
12 31
69 87
51 90
34 31
58 41
37 31
27 66
78 70
3 11
57 47
95 42
94 79
2 26
75 99
30 100
59 4
67 1
34 92
100 83
6 50
23 38
16 10
59 53
61 7
100 66
95 52
19 90
79 76
10 72
73 33
59 99
42 67
36 82
89 50
93 40
19 98
1 53
15 34
74 63
22 83
79 92
87 49
47 23
59 41
56 25
63 25
49 78
14 70
31 71
8 28
86 23
55 91
76 29
85 8
57 20
82 53
53 82
20 30
59 88
84 76
6 43
59 19
65 95
81 3
98 84
29 74
86 61
73 9
95 3
39 12
19 51
7 47
2 15
79 3
90 7
89 8
29 42
76 3
58 86
1 91
88 32
47 24
91 65
77 65
84 38
87 14
91 97
76 88
46 96
75 92
97 69
83 33
65 95
51 86
70 24
10 59
84 80
91 22
79 81
84 1
65 51
99 27
84 1
78 100
5 52
80 69
21 44
20 11
57 98
86 22
91 61
82 97
11 19
11 100
87 29
53 63
99 85
75 81
71 84
80 71
34 4
30 54
19 8
99 2
19 6
76 49
66 16
43 59
29 98
25 39
67 6
56 25
18 5
5 54
4 6
94 57
99 28
54 19
10 77
33 98
97 96
13 53
95 22
61 67
97 52
9 97
62 16
78 97
21 3
79 8
27 66
44 78
26 23
43 17
93 73
77 23
12 39
14 4
62 82
14 75
85 46
1 19
98 66
46 18
46 90
13 21
100 72
67 86
16 82
81 14
55 27
63 1
52 92
94 52
38 41
60 66
23 100
68 66
89 9
32 27
67 74
17 84
70 73
74 34
41 84
85 63
69 9
39 21
41 6
93 99
81 82
70 60
20 21
3 76
68 68
89 98
25 48
97 4
7 57
58 4
72 70
94 61
95 64
94 37
74 22
47 60
1 2
89 4
16 13
64 43
23 44
11 66
68 32
88 7
29 87
53 81
86 67
12 59
81 79
63 2
16 72
57 67
95 97
76 52
55 65
33 5
58 40
41 35
12 37
83 64
77 68
77 46
64 32
72 84
59 46
26 37
36 43
47 32
15 10
35 15
85 29
57 84
68 37
28 41
76 96
41 63
78 44
54 13
52 73
97 86
48 99
8 24
36 47
3 19
96 54
14 41
89 40
9 51
31 91
6 84
50 33
78 76
82 97
86 28
38 57
11 60
53 44
44 49
24 90
43 40
64 84
74 42
56 99
91 26
81 93
14 96
24 31
42 55
51 22
91 38
12 13
63 13
2 97
14 27
78 29
10 55
25 97
50 99
10 58
98 76
67 80
73 45
63 94
6 68
6 17
29 18
97 20
28 75
39 79
47 5
76 51
8 40
12 96
27 18
43 60
91 55
64 59
13 59
95 88
73 67
55 91
70 82
20 87
46 89
64 21
42 33
3 98
38 87
73 22
32 44
19 9
21 94
30 83
12 39
91 62
76 85
22 87
32 1
50 77
17 43
92 93
51 22
47 66
95 4
76 62
69 53
37 62
68 9
75 39
58 43
89 98
70 68
87 30
42 87
51 43
70 45
64 36
66 84
28 80
68 48
12 42
90 18
35 39
76 32
32 60
13 1
95 96
11 17
81 79
41 44
30 32
28 20
5 36
92 31
6 20
39 57
54 91
56 13
83 43
82 76
85 50
23 39
22 16
79 77
89 39
12 12
61 13
76 2
24 21
12 71
12 57
58 85
66 83
74 8
58 75
17 3
6 88
12 19
50 5
19 42
19 85
83 63
86 78
24 12
20 87
55 12
76 52
97 70
96 98
28 9
39 23
42 58
51 26
10 27
95 71
34 94
59 2
30 33
54 78
82 54
76 40
24 98
68 24
90 62
44 91
15 18
76 29
11 1
63 26
31 93
12 11
24 55
57 14
2 26
49 86
86 45
63 95
3 33
93 50
3 31
66 55
41 6
51 32
42 77
8 53
63 36
90 49
49 71
40 84
66 42
23 69
30 87
38 74
56 57
58 61
60 27
69 94
61 5
89 26
11 8
68 50
8 11
89 60
34 33
29 53
26 18
100 80
76 62
77 70
56 43
77 50
79 49
14 83
4 82
46 28
24 36
12 31
12 40
41 49
95 45
60 100
39 16
71 34
44 100
44 86
54 57
96 65
10 77
81 70
12 71
18 45
83 84
31 52
30 10
10 75
42 66
25 46
32 5
1 100
12 51
55 30
14 37
100 9
28 11
6 16
4 35
1 78
16 55
3 78
35 37
32 55
17 66
32 18
18 14
22 6
58 78
45 56
77 85
77 78
70 27
73 49
81 6
62 46
13 7
54 45
38 41
46 64
87 100
13 49
15 5
70 35
22 56
71 18
94 67
83 62
3 89
89 76
18 12
74 66
60 7
1 96
63 70
61 67
17 4
83 51
57 76
16 31
66 83
9 48
65 49
46 35
87 41
15 42
35 82
9 73
68 7
48 83
82 41
89 88
61 62
11 71
51 54
70 60
52 2
87 87
63 97
29 65
74 75
63 66
32 42
11 96
82 42
47 68
76 68
46 70
42 43
89 33
90 31
42 75
3 69
21 10
11 74
33 45
53 99
33 9
54 85
28 87
69 30
41 48
4 96
83 86
5 61
25 35
37 98
49 95
36 28
78 75
5 44
26 22
63 5
45 39
56 3
39 21
93 35
28 30
70 5
54 95
60 17
14 14
4 17
7 54
61 67
47 39
89 67
16 37
48 66
2 31
38 89
2 30
14 71
18 96
23 76
17 18
42 24
74 49
48 43
72 48
53 26
37 72
20 70
79 54
73 4
98 65
45 29
35 8
53 3
48 34
90 47
1 94
19 12
3 58
67 64
67 30
77 93
73 82
61 47
26 60
1 57
11 67
68 81
67 33
57 75
38 5
11 32
2 92
16 95
26 69
12 36
86 76
99 73
38 85
93 26
74 100
56 11
6 98
39 63
25 77
39 83
63 13
35 69
20 68
20 31
83 15
68 79
27 53
42 16
99 35
35 61
7 41
91 68
66 97
75 65
75 69
65 72
17 33
89 68
26 1
47 66
1 4
73 14
23 18
90 91
43 99
23 77
49 44
85 14
33 73
63 38
19 96
41 32
46 18
81 68
61 31
78 58
98 51
6 23
77 54
92 15
43 79
1 62
56 60
46 15
61 81
75 98
62 35
91 73
51 91
96 5
34 20
48 49
4 44
59 91
63 98
23 22
59 56
94 5
91 94
11 54
95 79
56 64
12 86
5 17
84 17
61 51
90 85
25 62
76 49
1 35
23 13
19 26
39 45
69 24
52 46
11 95
67 99
32 50
81 8
1 74
53 71
52 9
48 5
73 69
54 32
47 37
38 88
45 58
47 42
6 40
5 3
38 18
93 50
74 39
81 14
91 62
17 30
53 81
59 14
13 94
98 73
57 42
56 99
60 97
70 13
98 6
23 46
80 86
9 12
95 11
31 47
81 87
22 50
29 3
46 68
64 5
87 89
100 67
29 45
52 73
49 31
12 68
78 10
54 13
6 8
57 10
52 100
73 68
98 90
87 5
66 16
39 22
23 7
59 23
81 54
6 29
40 79
96 12
81 88
35 59
61 99
63 17
100 96
98 41
34 19
48 88
83 98
13 81
56 25
26 85
35 76
60 93
91 11
43 85
14 67
96 30
3 57
29 74
3 12
81 90
33 48
42 48
29 77
54 66
95 16
42 99
21 48
93 5
98 91
56 67
91 20
36 87
13 88
84 90
57 52
73 15
89 90
80 49
4 5
26 9
63 62
22 40
69 37
34 57
48 88
51 5
1 46
83 6
30 47
31 9
61 71
22 32
12 72
15 88
79 96
90 27
10 83
26 48
47 61
13 89
78 14
20 45
64 2
93 8
41 24
23 36
84 22
4 5
68 55
81 91
31 15
29 82
30 42
62 31
29 100
85 57
49 84
68 62
75 68
19 31
21 84
18 45
3 44
24 46
39 47
53 88
68 57
95 55
45 8
47 29
54 23
3 33
66 59
46 36
96 15
72 96
99 34
26 10
87 2
45 87
97 91
19 33
74 36
97 43
93 57
44 78
97 90
45 69
32 70
15 39
25 72
24 44
23 54
99 97
87 83
96 72
68 7
16 56
97 92
38 88
31 72
58 50
75 16
53 70
30 58
78 79
31 22
48 22
29 98
95 48
50 68
63 94
94 89
86 11
24 58
18 52
70 45
44 81
4 77
95 18
27 71
55 65
54 10
3 1
36 28
60 62
27 25
64 63
73 70
20 88
13 54
66 78
76 42
62 71
36 39
1 14
84 60
6 67
34 35
17 63
22 44
77 7
7 81
11 37
87 93
51 10
90 91
37 54
31 32
88 57
30 56
65 43
9 21
40 58
50 22
43 75
77 23
11 50
14 88
6 22
41 71
93 97
84 74
47 23
8 65
75 69
44 40
39 36
98 92
40 39
83 51
59 17
18 17
5 25
44 20
87 76
22 63
69 1
94 94
9 7
31 25
22 40
8 28
69 4
3 46
70 48
17 61
44 88
76 13
75 27
60 74
82 70
44 95
16 42
26 36
61 45
76 76
69 67
87 15
1 81
91 2
71 19
40 49
35 66
73 43
57 56
64 9
13 91
65 7
13 36
82 76
42 89
38 17
73 81
85 87
38 42
19 49
30 18
76 98
30 46
84 81
92 72
58 70
66 9
70 77
52 67
39 9
45 43
2 56
97 9
5 49
81 50
95 54
43 79
85 57
24 72
64 4
35 72
51 28
88 11
27 86
1 51
9 59
28 59
73 78
85 81
57 3
21 47
15 55
19 33
30 89
38 73
30 99
51 82
51 77
88 97
92 65
45 68
8 7
78 5
36 39
26 88
87 5
14 60
95 96
13 43
80 55
54 87
14 60
19 27
74 69
33 83
72 43
7 99
20 89
7 30
70 34
87 89
8 34
45 29
70 66
89 75
35 2
18 39
99 87
27 35
35 82
55 1
97 63
59 22
32 32
60 64
70 72
44 78
40 63
24 10
93 57
24 20
3 39
70 37
27 89
75 95
19 45
46 99
81 71
18 50
69 89
72 24
51 28
53 42
3 20
94 12
41 72
72 42
28 94
76 2
56 14
8 97
50 52
27 9
25 55
75 92
59 67
76 39
82 55
51 5
20 24
52 85
71 52
68 33
53 90
34 72
31 53
17 95
88 15
13 75
85 12
70 22
66 67
62 55
19 81
81 55
20 83
96 2
2 12
53 17
28 36
68 1
16 35
2 80
93 74
49 26
64 10
88 86
58 45
88 66
2 5
36 12
99 67
17 15
1 77
53 54
39 35
60 23
31 63
44 67
33 24
37 4
28 92
88 87
38 16
69 15
27 35
14 97
25 65
67 61
51 43
99 32
74 80
92 24
11 18
65 46
7 17
79 70
87 11
78 32
12 17
50 61
73 20
66 92
34 92
27 86
61 81
39 8
91 55
8 71
18 15
4 32
88 30
35 33
42 22
75 95
90 11
2 14
10 48
13 50
34 53
4 60
59 67
94 68
53 67
6 80
26 83
38 9
52 99
95 47
13 26
42 11
53 83
25 29
24 50
61 20
32 79
2 61
25 91
67 1
23 12
56 46
32 54
61 60
7 47
9 22
40 94
19 84
16 44
16 46
88 27
21 16
9 88
86 91
23 10
38 92
2 15
13 87
56 35
44 99
36 23
89 45
82 39
58 82
65 59
98 53
97 26
89 88
81 92
83 93
72 91
64 91
62 20
66 30
65 75
100 41
25 34
9 19
53 17
56 73
22 55
55 54
65 96
34 46
100 60
13 30
81 7
48 16
43 62
98 87
85 61
56 31
24 41
71 98
83 87
56 89
49 13
99 1
58 65
71 72
22 48
24 80
74 41
70 18
88 6
85 86
90 22
84 47
26 67
38 85
93 86
11 98
3 73
7 98
61 64
28 40
70 75
97 34
95 15
91 76
79 31
99 36
45 61
64 66
23 89
35 96
86 53
84 29
19 62
46 93
14 66
41 64
9 78
68 4
12 25
14 72
98 50
41 63
98 91
93 64
78 75
81 99
24 41
19 12
64 69
49 54
45 86
31 51
35 56
3 46
8 40
19 85
98 27
70 40
53 59
42 50
61 52
24 42
49 5
36 76
77 5
38 29
30 45
22 41
16 30
32 100
88 72
67 27
3 17
78 23
29 58
95 98
70 69
72 57
27 10
36 50
32 71
3 51
36 38
20 42
92 44
78 22
13 36
96 42
4 100
14 53
71 56
13 81
14 33
30 56
8 28
94 60
39 26
92 30
48 34
79 94
66 1
57 16
88 61
57 6
31 49
25 16
7 88
71 72
1 9
29 4
64 70
66 100
46 87
79 64
6 76
58 1
88 93
18 71
16 10
43 95
18 92
51 50
85 39
17 74
11 84
98 43
53 88
85 92
39 94
38 95
98 49
66 99
100 73
100 21
12 24
92 17
30 12
29 73
73 92
84 22
91 71
55 34
17 12
30 30
69 42
69 53
72 9
53 60
55 13
40 83
79 51
91 44
43 54
86 19
59 44
79 54
27 73
18 22
22 39
57 1
59 87
62 45
91 55
85 16
4 44
32 62
42 42
32 49
29 86
50 7
50 62
18 5
41 83
67 61
82 12
66 93
70 10
43 62
72 60
2 4
41 23
38 68
45 61
24 70
67 95
38 1
75 59
2 39
58 53
36 97
2 80
6 61
66 11
95 46
87 3
90 86
88 30
10 39
16 78
18 76
39 29
33 48
46 47
37 23
38 90
31 48
5 66
65 59
79 85
63 52
92 5
47 32
11 100
62 18
39 66
10 72
95 97
11 14
99 53
46 55
12 27
79 56
33 64
45 70
44 81
54 84
99 57
49 36
40 61
4 68
49 12
9 56
56 59
8 46
18 74
90 66
82 19
69 72
16 46
60 14
34 7
68 98
36 32
82 64
11 98
75 71
3 69
66 98
13 2
57 36
46 81
83 53
50 47
88 35
71 58
69 40
26 30
69 62
54 2
48 42
98 19
72 18
9 40
13 28
60 3
53 96
40 19
76 74
25 15
48 63
30 49
8 62
62 2
82 28
22 50
55 32
7 91
58 53
31 95
59 48
59 29
49 86
48 43
69 58
51 82
58 23
53 45
26 61
26 41
26 96
64 100
57 61
20 3
85 36
49 78
91 85
80 73
64 15
2 46
7 65
71 68
53 99
43 82
82 53
4 80
82 51
88 50
88 21
15 34
73 7
98 78
73 3
89 83
6 73
22 96
45 20
39 82
97 23
34 64
13 15
82 81
25 23
89 37
27 3
45 25
99 90
67 55
50 30
94 66
51 65
79 100
52 13
5 92
50 75
36 6
1 25
86 96
91 61
85 40
63 65
29 4
70 89
65 44
9 94
37 18
32 84
67 74
2 33
26 53
33 55
86 28
40 60
42 69
44 62
10 77
63 94
61 54
87 28
49 86
82 55
33 60
44 96
28 75
89 5
94 46
93 40
72 95
70 97
15 63
81 36
85 8
39 14
67 19
13 75
38 64
49 5
93 72
11 91
63 99
13 48
5 78
74 56
65 75
5 43
4 2
21 45
86 2
15 78
44 100
4 51
31 67
31 68
6 21
54 3
55 17
52 13
58 42
49 84
63 11
43 5
15 35
80 67
40 99
60 4
92 21
80 22
79 59
95 100
60 100
52 18
10 6
32 22
87 94
49 49
76 88
55 57
86 66
2 60
29 14
53 77
15 65
22 41
59 79
53 57
46 25
77 35
18 54
56 26
98 41
3 57
73 29
94 70
62 90
60 99
87 67
55 49
84 1
37 73
31 35
62 96
26 39
70 37
24 16
37 73
100 51
33 34
74 35
19 48
23 60
22 8
67 92
64 37
13 29
29 33
39 85
25 99
30 70
25 22
24 96
66 47
1 18
89 18
51 9
74 27
49 19
14 58
77 22
98 87
44 31
31 84
19 82
87 56
27 75
5 5
70 99
47 95
52 87
18 67
63 100
44 75
95 68
62 7
45 4
17 81
62 22
34 40
86 65
6 81
21 34
27 46
66 73
28 100
35 1
61 16
92 28
23 60
83 30
49 22
82 20
87 65
51 68
26 64
17 71
52 96
20 82
9 93
31 41
70 71
4 21
17 53
100 20
90 50
71 90
56 91
58 30
62 53
66 62
55 31
36 51
4 79
32 80
94 38
47 64
44 53
84 2
18 77
76 77
30 9
88 84
21 51
55 35
66 87
69 51
2 3
87 91
91 48
72 79
87 25
40 45
99 26
35 54
21 42
55 10
73 1
66 43
19 16
50 7
37 45
86 44
2 55
38 55
80 82
57 88
54 79
26 29
93 98
52 13
13 47
99 68
30 91
40 20
75 19
99 25
93 2
14 36
24 11
72 80
87 61
7 7
25 6
43 32
37 78
69 73
74 8
18 6
21 73
48 94
51 12
49 14
61 66
57 84
95 79
94 10
73 96
78 55
88 31
78 13
76 72
56 47
80 89
78 57
47 8
64 98
98 24
65 65
82 77
83 31
39 80
97 28
9 33
62 48
94 59
74 4
8 53
18 45
68 39
61 93
15 25
33 59
100 33
100 83
71 75
3 14
40 52
22 27
11 47
54 92
23 44
60 47
72 62
99 63
37 16
39 57
17 82
35 26
34 5
92 12
92 96
58 25
11 48
36 38
39 15
55 44
47 56
16 83
20 34
11 57
79 1
70 37
18 5
21 39
35 14
98 67
17 80
97 15
59 72
90 70
66 75
33 95
2 81
78 39
80 40
33 6
19 54
64 26
29 49
45 29
39 58
97 72
67 95
70 25
20 77
51 3
11 68
92 82
53 21
33 73
61 82
87 78
4 52
19 24
74 37
29 84
71 7
87 60
37 10
29 18
91 25
80 56
35 34
76 76
24 91
23 53
83 95
27 34
78 17
85 75
22 59
66 50
54 91
86 3
3 23
32 19
31 38
17 57
76 77
29 99
1 58
74 56
8 79
10 26
82 27
63 89
15 2
56 28
72 81
63 48
50 3
5 39
92 10
62 12
56 2
98 99
66 36
35 65
78 66
31 61
15 69
44 61
48 18
27 13
37 33
10 48
9 15
9 15
91 23
95 58
35 75
100 49
94 24
5 6
48 20
56 4
41 14
6 17
86 59
18 55
90 87
3 31
56 21
80 75
35 8
19 18
23 66
59 45
90 66
6 40
15 5
83 78
49 84
43 61
47 77
35 26
98 27
73 96
80 87
18 70
64 76
91 45
38 41
95 38
53 58
77 41
22 85
86 64
58 50
4 7
18 20
84 95
90 25
69 87
12 39
63 41
75 21
19 6
12 34
71 73
75 44
77 21
57 20
35 97
48 96
93 4
72 72
46 50
25 33
28 21
60 7
54 55
31 86
67 39
51 76
17 85
12 84
19 100
52 70
74 74
60 21
30 78
23 13
37 70
55 83
72 86
17 82
40 69
84 63
47 24
13 63
99 99
81 19
3 37
20 63
53 47
28 79
90 29
29 24
4 91
60 59
77 81
78 60
33 62
54 28
30 46
93 26
54 63
61 39
80 100
48 24
19 23
55 33
3 65
30 15
41 43
17 62
73 43
23 60
53 39
18 69
37 1
36 27
54 84
57 85
92 98
36 75
91 3
94 100
83 33
72 68
34 75
29 2
42 83
77 44
20 63
83 94
9 88
97 25
42 58
35 14
61 47
97 74
26 10
3 6
63 53
85 21
80 66
60 13
17 22
2 99
58 51
50 55
39 84
40 16
64 7
61 60
68 34
86 75
84 25
61 100
67 54
41 56
43 78
71 37
90 51
17 13
94 47
13 25
10 36
45 88
70 8
23 81
77 92
39 68
93 87
48 10
66 8
54 43
90 71
49 4
33 39
39 75
93 18
67 54
89 69
1 69
77 32
7 7
40 24
69 3
84 93
33 45
22 90
54 92
23 58
10 56
10 94
42 67
55 89
61 11
95 47
7 48
41 69
59 28
92 7
67 2
26 26
83 31
49 17
81 74
84 11
67 87
32 63
37 78
16 7
77 81
69 73
44 79
54 71
22 6
63 60
33 80
60 31
26 46
80 80
17 28
50 57
91 72
37 35
48 56
15 77
22 62
39 59
66 51
43 43
33 95
91 44
84 57
24 76
19 8
35 12
60 92
65 49
14 98
75 41
80 86
98 30
100 4
49 91
43 85
74 52
55 90
77 91
10 45
62 52
77 63
54 84
85 1
81 66
1 75
23 82
12 14
75 19
44 70
35 94
55 31
81 20
80 39
37 40
82 28
92 8
80 61
28 45
9 59
82 5
38 90
40 37
4 90
63 88
44 39
80 3
92 43
1 24
97 38
74 7
81 18
28 83
69 44
39 15
63 98
91 94
48 79
40 91
61 24
82 4
91 73
57 91
24 3
73 2
20 99
14 82
1 95
27 74
11 95
17 53
87 18
33 80
8 62
21 4
98 66
51 59
30 19
26 41
99 61
11 14
28 82
63 59
13 71
10 69
70 50
83 96
37 20
72 67
92 7
72 39
7 91
32 71
75 33
67 39
75 32
93 12
58 63
86 74
65 90
38 43
39 61
40 51
42 66
4 20
3 67
65 5
61 74
51 77
97 59
76 49
22 95
37 2
44 2
31 4
18 60
42 100
100 28
50 3
13 53
64 59
5 72
24 81
43 93
73 44
97 21
40 76
23 32
61 19
81 72
2 100
79 58
20 33
72 31
87 75
70 77
26 95
91 39
65 55
81 55
2 58
2 27
28 28
39 54
21 85
89 63
54 87
65 22
10 90
60 38
53 64
46 67
96 29
48 32
83 25
79 68
5 63
36 97
1 24
5 5
79 81
57 80
28 33
34 94
82 46
70 93
30 42
84 49
51 20
89 32
31 57
58 36
60 96
83 71
68 89
73 93
29 42
60 12
88 73
64 12
81 66
1 92
54 88
40 49
39 85
92 65
49 95
45 99
41 85
88 69
60 22
35 30
37 64
74 61
14 24
71 14
18 69
77 15
87 54
47 26
44 32
95 45
61 24
81 93
65 77
94 60
96 64
100 20
5 1
68 81
42 5
17 2
43 4
23 23
3 33
84 35
53 88
29 99
79 100
85 86
80 81
69 62
11 27
83 39
38 27
37 39
92 45
12 46
6 39
54 54
100 29
39 34
55 10
59 66
98 22
85 51
74 28
10 8
62 66
13 92
43 42
41 50
71 11
39 81
96 33
46 38
28 45
81 10
78 77
36 40
71 63
57 82
3 75
76 15
61 41
96 49
2 71
65 48
8 80
63 39
5 70
8 13
24 66
89 51
18 58
12 28
70 34
54 84
26 1
19 50
36 57
86 15
93 62
92 16
51 4
27 52
93 28
39 69
43 16
87 77
75 12
68 86
83 24
75 86
72 75
88 56
71 22
11 91
1 86
62 50
32 70
83 20
60 36
35 45
63 54
75 40
17 56
7 50
22 60
60 86
9 25
94 99
1 87
13 79
46 71
47 62
71 43
63 71
69 85
53 60
78 20
38 24
51 33
33 44
83 75
98 82
5 2
5 58
83 9
10 81
88 75
80 48
43 30
44 69
29 53
76 20
5 23
31 77
50 40
74 68
49 81
20 100
32 82
22 24
25 20
2 60
19 3
88 84
5 76
45 10
44 80
20 8
12 51
91 83
62 1
55 42
89 57
70 38
65 31
72 11
23 23
27 83
2 26
92 30
73 100
35 18
58 91
26 60
23 27
32 90
35 27
63 98
95 95
5 19
49 70
43 42
25 66
43 80
38 34
42 62
79 63
56 21
19 73
28 24
78 20
48 78
21 91
11 56
7 60
87 71
32 50
87 25
66 2
13 46
95 43
17 5
7 33
99 80
74 36
92 100
72 2
11 92
39 84
73 45
88 88
99 50
34 73
81 84
35 59
82 45
49 26
54 97
64 17
61 13
45 77
78 4
54 52
68 10
82 59
55 47
88 59
26 47
7 99
64 92
41 36
69 37
8 15
91 59
76 63
56 82
86 23
37 64
24 94
79 42
10 91
21 91
41 23
38 52
42 17
73 35
41 78
74 14
83 61
87 100
53 96
7 73
58 51
53 92
70 57
84 98
55 49
97 58
68 11
46 53
1 3
34 50
86 64
9 36
23 45
34 2
28 80
82 40
88 4
2 53
100 9
32 52
49 53
73 6
13 85
43 36
14 56
41 25
43 19
31 59
16 34
85 3
84 50
93 37
10 40
57 53
73 93
85 78
31 86
97 49
35 89
27 54
14 32
78 61
31 7
71 75
82 21
19 86
95 19
65 50
58 15
49 21
38 62
18 82
7 84
11 10
84 5
48 59
4 17
59 40
59 99
10 72
81 57
44 86
83 71
34 30
37 70
6 30
95 39
12 71
87 44
57 64
58 86
62 35
26 13
26 96
51 71
70 71
4 15
96 85
93 33
14 25
55 41
53 6
96 89
65 13
16 18
2 1
14 31
8 99
54 84
83 11
55 44
53 58
21 27
8 82
89 5
95 87
24 19
37 87
81 19
84 44
77 50
7 96
24 41
30 97
70 83
92 15
71 78
7 55
62 80
71 57
55 60
16 96
92 53
6 96
9 42
22 36
92 6
95 1
16 63
88 79
19 21
15 23
18 4
86 76
32 22
42 38
95 46
26 64
74 14
33 68
94 10
74 53
47 45
18 88
69 47
23 91
24 99
8 26
1 99
64 7
39 55
32 37
64 18
47 7
59 67
53 25
34 54
48 63
3 81
88 9
17 17
46 11
40 9
49 6
80 43
85 98
94 72
21 50
40 73
22 33
3 99
30 70
82 39
100 98
20 86
82 68
46 74
85 50
22 34
52 54
67 59
43 95
43 60
13 85
17 46
64 22
34 87
20 51
9 76
59 22
98 26
67 45
61 26
12 51
4 47
20 46
94 7
8 81
36 25
9 66
79 14
35 82
16 35
12 4
41 82
68 100
5 18
8 45
90 52
12 24
12 11
90 74
44 92
95 68
26 99
68 38
96 97
38 90
80 66
17 9
56 44
83 58
44 8
95 78
44 73
76 44
51 83
21 42
59 26
97 100
69 7
51 19
23 82
93 16
64 65
80 98
20 63
1 93
92 64
19 45
57 84
81 83
24 39
69 74
93 92
53 89
92 29
36 18
35 5
61 38
38 71
4 19
15 42
1 66
25 78
57 59
11 22
74 13
5 14
86 42
27 15
79 11
57 100
73 56
61 4
81 90
46 17
21 100
45 95
3 99
91 33
55 46
47 63
19 42
72 36
85 67
88 94
67 42
30 17
70 67
49 92
5 14
2 22
23 86
4 71
8 22
74 69
84 88
89 90
56 70
38 23
41 15
98 70
26 54
12 99
25 5
67 92
62 8
53 67
67 71
66 100
27 22
93 51
76 75
48 27
38 69
55 80
54 7
91 23
39 23
43 87
4 5
2 29
27 46
50 55
36 97
65 50
84 55
6 99
59 53
90 75
60 40
7 74
57 76
24 72
35 53
31 16
98 50
64 74
52 27
50 12
38 22
47 92
80 44
39 92
22 9
97 38
31 49
53 58
73 4
9 81
85 17
19 75
28 6
79 1
1 51
9 55
50 88
85 11
26 75
89 99
49 87
74 27
37 29
19 47
90 57
74 51
77 49
24 48
41 88
60 94
83 50
23 26
3 17
66 63
14 3
87 47
18 75
13 99
76 81
99 11
89 82
35 58
39 86
63 38
45 92
43 78
18 88
88 25
93 15
68 43
12 12
39 21
3 76
22 14
24 67
94 42
45 42
63 21
80 65
22 42
13 98
79 49
36 65
7 71
45 1
53 87
1 86
15 60
71 12
32 70
67 85
72 61
98 15
79 61
51 17
25 11
75 2
78 14
15 73
49 49
10 78
38 8
40 9
56 65
87 55
92 14
39 61
40 8
13 64
59 46
84 41
2 58
94 80
62 50
42 44
54 59
100 68
91 58
98 61
10 56
73 87
7 92
84 25
72 82
48 97
99 79
55 3
15 82
55 60
48 13
17 2
34 64
23 2
100 28
90 27
25 48
84 9
99 97
20 4
46 8
30 6
15 72
17 34
29 76
44 14
32 25
17 75
1 48
84 32
41 19
40 17
85 10
97 5
8 56
17 22
11 97
72 99
6 14
2 29
16 23
72 70
69 25
65 88
38 88
46 22
41 71
88 76
77 69
58 39
100 42
50 71
19 90
20 68
30 97
20 18
48 28
43 65
97 87
94 31
98 84
2 88
49 30
83 53
94 46
70 28
89 34
12 7
90 47
81 49
93 24
25 60
1 55
62 89
74 92
82 94
37 91
71 26
33 87
52 54
96 80
29 66
76 17
2 54
15 87
56 98
56 68
52 83
86 91
88 80
13 95
19 31
15 26
69 49
81 68
99 57
47 40
96 99
86 18
64 32
87 18
7 19
66 80
10 79
89 81
45 56
78 29
40 100
60 92
72 51
33 10
41 36
83 14
94 89
56 70
90 29
6 77
92 65
93 49
21 5
60 28
54 55
89 29
58 83
4 86
21 41
16 24
41 65
3 17
3 46
17 49
49 65
36 88
31 2
55 39
19 83
20 57
94 27
81 76
64 2
82 60
47 16
11 59
3 83
53 53
68 61
15 2
88 56
49 62
2 15
93 53
20 70
60 51
73 74
80 85
26 40
99 57
10 46
50 74
47 30
71 52
96 77
20 18
63 23
17 76
83 5
67 71
43 86
78 19
60 43
64 17
93 81
31 45
35 93
89 2
34 41
6 99
87 16
18 60
79 44
83 90
42 87
57 10
24 20
36 93
22 66
62 72
56 73
54 50
37 59
32 46
39 54
74 5
1 53
82 33
83 4
60 91
9 88
95 66
43 90
3 24
15 23
26 57
51 32
83 85
64 34
6 55
15 4
26 36
63 8
39 44
68 84
64 23
14 58
68 2
25 14
83 29
27 78
91 20
26 38
36 25
21 57
57 49
57 91
19 16
92 85
71 82
36 30
15 55
76 24
49 63
5 74
16 75
43 75
83 83
10 3
99 100
11 80
51 55
73 16
46 94
33 36
76 71
37 20
33 11
12 29
62 93
99 56
45 23
38 42
8 7
6 7
97 94
62 70
73 10
51 77
1 78
61 65
7 10
66 33
45 42
97 3
87 83
63 39
52 92
85 55
99 31
63 90
90 88
34 81
94 53
56 71
16 27
44 20
72 71
60 76
44 85
71 85
56 61
70 38
87 55
15 6
4 29
7 33
74 50
12 44
8 69
63 62
93 65
14 37
95 72
34 95
30 7
35 35
20 32
68 99
67 79
24 35
59 53
12 74
16 39
11 75
25 81
93 15
70 34
96 29
56 62
52 97
39 93
15 25
17 72
15 33
52 21
36 67
19 96
30 22
17 3
40 6
11 22
12 20
21 4
9 62
86 8
19 54
39 91
70 11
73 32
53 20
66 93
100 72
93 22
20 50
53 52
70 18
16 27
30 7
24 31
37 14
38 44
85 6
5 68
17 66
97 37
93 100
72 66
63 40
10 70
21 96
96 15
97 5
44 10
71 34
91 68
89 15
84 78
13 57
15 16
2 40
20 54
68 49
67 37
97 37
51 89
88 98
62 15
17 12
53 24
65 27
76 86
68 43
48 95
44 79
83 88
64 38
96 56
12 75
23 21
7 21
51 98
14 27
30 62
51 99
21 27
26 8
98 50
42 24
42 87
28 40
26 56
75 13
91 23
48 87
76 31
56 54
65 58
41 82
54 28
82 11
78 55
9 35
80 16
72 68
29 85
64 77
96 87
64 27
98 42
65 87
70 98
32 58
100 4
57 1
20 6
54 70
74 83
83 95
15 27
13 66
94 61
92 88
84 34
22 2
93 41
41 80
48 47
59 96
49 81
88 15
89 12
40 86
78 24
59 76
99 20
81 57
10 29
65 74
15 12
37 32
72 57
27 39
92 26
82 16
96 5
80 24
53 89
7 46
13 70
29 30
100 54
57 99
98 7
82 100
22 90
58 67
19 66
51 62
52 74
13 50
5 31
84 60
43 2
83 89
57 48
62 77
85 82
11 63
69 91
83 96
99 96
24 70
69 51
22 55
49 52
54 10
32 92
33 19
61 74
61 5
4 30
4 33
28 76
82 69
54 82
25 60
18 81
43 16
11 69
59 48
75 47
71 24
80 59
1 97
77 18
24 61
71 93
14 50
71 35
95 21
100 55
71 87
85 86
79 71
89 52
94 43
89 4
23 36
78 45
47 22
32 69
52 9
26 25
93 8
91 83
12 35
80 60
33 36
74 78
61 42
63 39
68 70
88 22
34 38
6 69
32 22
70 92
85 84
93 13
27 55
71 97
16 48
82 54
64 37
99 14
77 21
17 74
67 27
41 94
21 74
28 92
70 90
34 71
96 4
44 62
71 72
97 17
55 74
50 99
99 13
70 73
9 16
50 46
26 9
14 3
27 68
32 13
48 16
78 81
80 100
42 75
97 37
55 2
6 14
43 35
82 56
76 60
71 51
20 83
18 80
16 55
25 25
89 77
34 25
20 55
98 21
36 69
22 63
39 37
4 13
47 73
1 90
36 70
34 66
65 16
33 32
22 11
49 67
25 64
73 74
49 84
69 61
26 64
5 59
7 97
81 69
28 66
93 3
76 56
34 13
82 90
38 25
78 61
97 67
18 97
88 17
57 49
41 69
100 55
86 99
24 51
98 27
75 74
1 51
54 62
32 65
50 84
10 19
66 17
25 10
65 73
47 44
8 21
90 37
66 79
14 29
89 87
42 16
64 64
50 54
3 19
55 72
39 59
3 70
71 46
83 67
53 95
31 6
65 29
25 78
83 79
84 52
76 52
29 79
54 8
75 32
55 20
20 3
99 43
20 2
17 9
53 85
20 76
95 22
66 61
9 82
32 40
36 43
55 19
4 7
63 24
56 1
14 44
73 11
39 39
38 72
59 22
11 2
88 68
43 10
13 92
70 27
81 85
87 72
71 15
6 10
21 33
17 82
87 100
92 58
87 59
83 98
95 92
91 65
3 62
87 21
15 22
65 67
82 15
67 46
36 93
67 43
85 97
63 21
16 47
45 62
87 24
86 69
55 83
59 6
95 26
88 3
84 12
77 12
75 33
51 65
34 64
84 14
95 56
73 35
47 42
30 53
7 26
63 6
72 52
74 72
48 33
49 72
67 42
86 12
19 20
88 65
16 61
12 43
11 18
7 5
97 61
41 77
98 64
39 55
86 43
57 25
32 31
19 40
82 51
65 77
28 64
44 46
40 7
71 2
12 2
70 9
18 71
65 29
33 47
81 38
69 27
23 12
69 75
89 87
83 4
48 22
100 92
94 44
96 87
73 75
100 32
9 61
97 33
51 21
40 23
37 2
33 65
48 26
5 62
63 57
59 21
34 19
88 5
59 55
81 73
27 66
93 77
84 72
96 26
