10000 10000
206 43
434 591
197 155
412 730
29 728
76 210
267 845
176 983
362 377
157 633
2 237
434 723
410 585
334 153
461 124
10 144
349 107
239 661
160 476
345 440
484 835
64 498
278 293
64 598
110 499
206 868
196 913
159 579
454 840
435 808
124 56
54 2
36 802
458 792
443 93
107 285
139 63
429 274
416 207
202 589
149 720
363 105
22 161
248 782
427 707
266 498
330 418
285 104
273 440
350 480
323 262
50 631
84 964
243 209
355 411
275 828
19 489
243 151
213 564
338 203
137 955
214 128
129 978
358 747
294 68
157 78
58 894
469 624
346 289
371 367
257 616
107 36
20 219
255 742
323 828
45 258
456 624
388 993
23 855
266 770
270 8
415 937
393 254
229 720
445 64
201 45
264 888
429 708
88 833
62 7
250 7
88 979
124 954
419 549
494 827
480 861
400 546
221 801
253 190
405 453
268 279
144 698
202 409
113 652
491 986
389 73
212 46
363 871
446 456
268 253
476 252
273 716
486 707
123 575
276 742
482 601
73 967
137 174
110 252
173 989
62 605
179 924
307 9
139 285
324 147
115 184
384 379
165 344
427 786
496 394
356 230
12 91
411 591
139 322
244 305
295 382
499 587
437 545
381 543
92 885
495 476
163 118
314 40
11 832
419 513
241 786
28 398
294 324
434 657
135 613
76 648
307 576
32 796
459 543
500 186
37 880
260 464
177 759
346 722
76 45
62 190
477 744
347 341
196 779
126 635
133 215
26 408
178 553
59 136
492 222
407 128
235 21
286 570
176 740
276 267
31 158
448 555
153 115
283 276
31 248
303 734
396 992
498 371
247 451
474 711
381 351
62 842
282 372
304 985
437 388
312 633
189 427
109 78
240 283
55 771
251 835
149 434
248 201
308 671
67 877
340 664
457 321
176 992
217 542
416 708
27 424
450 133
269 884
338 39
431 720
63 282
215 421
377 415
2 329
292 565
26 520
480 572
345 220
143 825
452 986
249 404
307 798
62 967
400 106
25 384
246 131
191 616
388 733
101 397
262 489
234 429
455 379
356 51
424 368
34 479
308 168
335 545
356 856
309 455
81 516
431 864
460 379
271 471
177 507
198 67
155 23
331 758
327 534
259 453
99 174
209 672
245 632
233 35
83 870
261 500
221 314
381 662
338 257
351 125
363 792
449 82
66 901
297 169
217 306
45 98
65 813
405 781
398 699
373 586
116 807
475 895
136 245
261 3
7 484
195 747
170 251
196 138
438 323
29 631
146 629
438 810
7 86
144 766
8 768
14 341
178 331
456 552
13 900
97 79
12 244
15 625
157 252
81 131
436 647
140 462
42 450
190 684
437 487
95 475
258 784
248 950
446 730
190 271
253 111
207 818
492 345
472 166
61 316
146 997
284 395
456 175
436 558
457 249
86 442
446 875
437 770
500 99
387 525
79 436
323 327
13 419
76 60
244 132
293 434
233 103
229 551
291 793
36 755
191 73
479 303
298 520
277 526
24 908
298 394
274 783
136 771
266 51
183 356
156 401
101 982
245 859
44 257
100 302
459 456
177 460
431 116
233 616
381 396
445 771
158 716
142 471
243 211
49 387
27 825
17 742
447 809
490 639
488 819
359 732
193 317
333 681
15 91
285 724
261 805
415 583
44 256
233 477
337 264
48 833
269 292
118 507
393 378
303 324
150 772
491 540
401 843
340 514
326 132
236 524
302 256
491 439
20 480
78 433
286 552
278 533
171 740
162 168
447 697
122 529
105 45
370 766
120 81
15 5
217 301
284 815
64 725
23 476
173 83
157 787
329 14
87 137
249 81
143 620
454 318
482 608
454 493
351 570
294 855
4 403
368 592
108 983
14 573
429 30
384 850
434 179
115 663
155 27
274 156
160 808
202 338
215 183
320 668
470 231
6 838
289 460
410 461
335 834
261 935
27 477
288 796
285 528
431 293
494 92
43 732
136 564
350 164
326 80
388 282
247 150
284 477
413 431
71 522
311 761
17 259
399 624
314 401
374 715
206 775
217 421
144 41
105 840
270 285
41 161
62 512
150 80
493 68
55 310
33 553
363 508
205 770
260 321
377 233
473 900
311 294
34 907
420 171
118 476
136 963
261 954
37 925
363 427
173 380
425 823
301 25
499 474
353 771
157 150
222 861
178 899
455 272
186 649
7 979
443 664
330 777
182 333
302 554
55 415
39 564
98 435
374 107
443 645
434 878
436 664
45 780
462 184
58 287
317 477
298 944
260 947
376 612
101 832
100 53
304 926
144 548
250 650
306 357
135 891
256 251
344 687
137 879
279 506
375 619
100 497
209 707
1 990
439 902
144 29
200 849
211 958
483 36
85 635
409 570
231 205
338 595
157 10
278 508
70 579
106 930
109 779
447 907
314 113
90 622
5 698
161 451
253 328
193 117
479 368
484 159
103 931
305 925
251 163
273 413
224 161
324 662
182 668
477 576
28 684
42 596
10 119
32 605
228 276
317 582
300 791
159 774
72 533
456 570
334 712
450 570
307 901
277 799
21 939
286 906
453 263
147 657
53 614
152 982
46 394
272 840
88 585
49 686
404 826
464 169
250 658
392 577
409 566
84 635
468 178
387 786
350 993
164 484
52 934
423 414
134 626
150 610
143 934
331 631
120 284
177 138
336 41
12 268
29 814
274 780
354 935
84 799
196 603
262 997
369 334
194 429
99 35
146 620
169 758
168 42
153 729
82 973
366 869
442 866
150 883
283 385
147 499
168 689
413 477
248 732
391 343
147 484
303 807
437 446
167 945
481 974
185 570
39 483
109 653
337 292
206 902
418 915
182 894
491 897
179 887
71 770
302 457
450 195
17 12
498 209
467 190
285 483
350 639
85 715
238 107
181 393
344 351
163 145
57 648
163 254
348 921
355 734
226 908
330 640
265 75
286 804
2 854
317 250
227 583
164 869
487 517
179 177
196 598
143 627
39 25
313 592
458 555
327 25
11 199
4 293
483 3
360 975
305 105
69 650
111 708
91 386
158 68
59 117
306 595
122 761
388 560
100 832
64 652
391 658
177 804
248 321
127 230
421 11
470 311
128 987
16 900
91 785
417 519
376 611
470 949
271 956
36 990
434 661
169 661
128 889
40 161
325 589
333 770
381 207
427 344
266 30
437 936
296 594
498 64
371 686
432 854
403 467
444 555
287 159
191 150
186 590
16 519
291 119
185 760
219 243
435 579
353 169
14 712
209 494
231 933
147 363
152 388
5 327
438 231
388 798
333 343
460 410
317 325
227 634
251 224
360 272
390 361
474 495
443 475
278 100
282 792
297 60
270 751
170 879
179 34
489 283
443 47
415 772
60 765
237 243
315 770
367 829
483 538
48 325
28 595
56 180
414 111
401 888
447 497
166 11
123 411
97 245
121 424
458 716
155 525
180 292
73 894
213 690
472 230
477 69
361 326
3 511
419 562
98 351
253 297
132 459
131 316
12 477
147 288
370 291
79 799
209 516
10 211
241 711
480 989
421 902
482 277
22 179
493 91
320 954
245 942
420 432
89 971
60 930
286 808
107 88
213 745
232 115
252 922
472 61
231 174
369 624
343 640
86 819
396 841
220 824
160 345
220 57
23 569
354 556
248 272
496 84
427 796
216 146
413 651
65 219
245 579
29 964
416 799
110 140
220 227
278 17
484 538
125 398
483 805
465 395
498 551
274 189
35 583
117 200
87 606
53 442
142 266
168 881
354 185
187 400
389 170
461 54
155 905
410 904
391 113
323 488
376 943
84 237
108 780
416 725
52 347
412 296
411 804
310 728
291 120
244 398
427 790
30 846
56 717
217 797
34 659
80 266
11 326
210 299
317 257
385 98
299 89
257 432
66 728
237 15
45 578
423 246
155 246
1 537
286 600
98 848
460 348
413 625
477 933
310 992
436 927
319 926
35 633
309 271
260 312
55 720
414 584
197 601
27 668
413 896
163 296
246 670
120 124
58 854
264 652
250 779
336 134
3 441
454 899
231 319
477 866
92 979
148 586
488 966
332 150
366 386
218 670
28 889
264 363
470 704
378 955
2 668
453 262
48 107
159 463
60 87
230 903
469 390
209 615
356 85
155 829
181 935
163 706
418 208
7 945
434 551
9 969
179 443
55 662
55 245
6 949
7 703
201 671
329 179
11 361
500 551
446 577
470 95
230 739
329 108
29 789
453 540
60 639
301 969
242 960
147 942
31 173
425 72
336 690
110 801
217 558
493 267
223 698
404 883
63 995
319 684
74 16
360 902
151 565
331 421
482 210
473 911
22 998
38 873
482 216
233 873
171 903
119 145
137 72
144 10
22 816
48 504
291 714
206 869
349 699
301 752
307 45
241 791
179 481
477 402
246 472
416 402
164 372
264 946
99 10
105 581
451 131
120 752
318 779
104 65
208 113
457 993
314 761
110 686
454 726
318 195
142 188
399 164
206 596
227 973
427 97
32 627
374 756
278 157
236 307
190 43
227 999
412 720
233 925
337 860
480 493
474 405
245 362
446 256
56 97
442 74
464 885
389 412
299 394
138 222
385 129
355 818
354 900
425 53
361 379
397 738
371 893
33 192
195 962
343 308
154 977
254 410
458 198
431 56
183 567
29 299
206 118
16 31
254 17
426 961
291 161
95 207
192 160
223 794
232 158
137 42
121 461
414 451
417 596
474 680
464 217
347 517
5 811
112 553
341 366
487 651
17 816
186 315
224 412
214 997
196 461
430 178
95 661
315 448
485 606
288 795
264 873
199 547
388 317
376 416
176 851
285 179
333 392
255 39
461 586
249 128
491 510
314 595
397 41
220 494
406 261
466 73
185 183
298 909
57 415
295 812
339 32
476 146
361 904
142 50
349 42
278 364
389 522
175 797
63 184
338 695
184 866
363 419
281 915
31 132
318 456
150 166
323 516
319 231
95 410
478 948
46 491
125 119
190 913
150 824
78 28
480 770
495 154
352 128
318 724
427 823
306 455
441 525
370 568
179 354
54 628
383 494
430 231
256 659
366 371
174 37
408 163
171 911
311 904
104 192
14 84
421 134
221 469
263 401
405 572
399 51
429 623
271 143
324 444
76 560
382 783
200 795
203 998
3 695
169 627
273 531
336 121
322 530
130 290
200 699
337 32
196 403
406 355
75 511
36 203
332 172
336 79
211 386
361 365
279 705
7 570
39 226
396 852
382 785
399 678
93 554
21 804
390 266
72 824
26 678
321 932
209 930
429 385
173 723
464 911
408 605
259 718
411 821
94 109
420 222
27 897
342 494
260 96
244 806
79 765
338 885
385 407
270 271
426 102
382 717
75 174
241 836
27 791
117 250
474 843
272 702
42 714
102 512
112 771
430 41
411 420
19 532
415 291
249 20
422 366
123 904
437 576
235 149
445 13
408 915
64 200
308 171
376 402
286 223
312 278
225 994
384 995
334 249
279 834
254 474
344 280
204 52
12 126
21 144
279 879
97 375
144 834
105 116
490 665
366 707
44 721
81 1
415 203
107 526
366 474
302 545
222 990
224 786
11 952
372 662
95 319
251 118
370 594
386 569
442 783
69 740
476 788
357 479
250 260
417 850
438 932
49 919
415 838
40 498
326 837
200 390
288 299
195 329
454 912
277 107
393 468
379 259
260 518
286 851
470 581
332 869
316 584
326 830
382 905
299 434
297 383
92 560
122 988
277 351
484 108
10 921
335 167
73 127
460 377
7 390
219 392
18 624
428 693
338 589
149 79
406 308
248 76
9 949
193 594
404 993
69 853
30 444
325 137
451 137
356 411
337 910
278 347
88 386
259 341
196 53
71 144
289 759
451 293
50 644
393 524
240 685
263 172
385 418
53 298
336 7
248 253
196 541
221 375
489 51
203 30
421 389
372 459
399 123
394 994
260 813
250 460
439 325
304 514
262 669
9 610
77 924
312 959
179 419
458 908
383 516
106 81
137 309
72 353
248 361
14 259
18 864
356 816
478 505
178 604
294 333
11 769
277 693
12 936
254 294
32 577
262 300
62 470
179 837
59 354
301 432
497 823
417 822
135 977
328 207
55 133
216 320
481 207
101 588
457 178
335 696
282 288
107 619
117 524
487 542
286 30
118 921
212 8
384 254
343 367
246 881
85 836
441 856
438 91
433 808
5 99
203 696
114 447
422 618
225 925
410 303
303 685
210 874
208 484
60 504
336 842
251 367
370 104
288 708
198 94
216 481
234 932
17 447
67 431
270 136
400 7
472 545
495 591
454 733
319 580
189 765
303 297
149 735
225 682
182 493
445 624
187 664
166 797
375 644
13 352
436 405
29 923
300 538
79 291
142 170
259 976
422 468
494 598
236 915
182 666
223 834
462 593
301 340
275 934
17 527
352 826
263 890
484 249
199 796
369 298
197 15
27 703
320 430
66 879
405 602
453 808
418 435
63 112
74 421
247 934
288 649
120 741
352 678
389 377
113 447
247 396
227 494
266 683
82 705
168 477
232 349
2 444
148 544
463 335
280 980
256 278
244 872
453 184
95 89
12 586
392 857
191 569
401 294
142 186
49 199
83 231
388 171
473 29
236 722
175 148
249 87
153 567
312 375
15 748
139 835
141 277
31 12
15 305
447 800
230 373
468 591
462 255
266 12
262 676
343 72
41 176
33 905
274 982
292 107
374 761
424 325
244 739
160 672
361 131
276 555
358 756
264 874
219 859
318 744
177 545
72 11
6 243
13 823
171 366
162 102
126 823
379 126
5 74
320 907
475 8
165 263
34 199
465 351
401 397
250 168
10 988
168 266
114 749
21 931
76 142
303 935
235 733
260 271
56 42
458 567
164 168
377 324
482 453
6 638
387 651
65 243
269 173
14 341
206 757
252 940
437 853
242 726
230 565
274 718
282 525
163 115
104 579
165 835
142 391
500 128
391 213
17 625
411 387
404 588
256 372
86 27
454 468
105 908
5 125
226 53
477 985
162 488
35 945
109 51
170 237
162 292
456 109
119 435
374 808
499 136
37 434
1 62
239 235
500 760
22 958
407 92
422 775
92 773
261 473
312 925
438 871
421 146
458 401
210 184
11 730
409 424
154 983
190 312
156 826
372 34
71 344
366 577
114 135
228 762
222 341
330 568
266 453
272 18
105 123
82 544
195 802
346 436
346 867
412 734
482 33
341 99
46 835
211 182
264 121
23 631
154 763
84 20
191 871
424 781
474 41
125 652
477 791
197 469
380 133
177 986
243 463
166 866
170 950
37 971
495 213
33 565
161 156
446 785
195 292
456 618
435 428
445 571
124 819
491 897
394 335
21 883
184 917
248 791
230 946
269 470
221 706
489 595
143 672
115 760
480 309
357 26
461 291
442 293
86 660
164 107
123 991
273 169
462 476
394 643
152 351
282 905
265 554
264 993
137 502
280 768
496 330
23 43
392 912
41 971
98 675
23 560
331 662
249 517
251 177
321 732
387 125
281 123
166 59
405 648
437 271
421 865
341 419
453 255
97 769
189 220
272 112
52 34
185 108
56 294
141 111
116 685
255 804
225 205
182 646
65 223
281 412
272 732
361 759
324 326
310 79
128 280
7 803
376 848
151 360
95 796
203 253
312 435
408 356
99 390
16 90
303 462
395 787
364 512
122 120
255 694
101 866
83 391
81 4
491 635
24 652
253 479
224 698
277 464
330 252
142 614
356 57
124 350
413 300
479 741
367 156
167 649
136 818
308 186
57 18
104 802
469 22
479 264
442 663
90 563
105 469
155 437
106 329
368 254
493 289
194 651
324 644
227 487
149 431
115 456
412 575
260 605
212 711
476 695
76 484
168 69
149 719
426 420
82 275
318 550
165 664
340 939
168 480
208 582
471 632
72 458
372 753
178 844
314 927
437 314
258 849
138 628
174 450
34 746
121 919
362 927
56 3
274 692
61 912
254 624
497 158
2 375
78 216
219 328
167 917
150 291
140 565
233 202
297 614
316 600
237 637
102 152
90 152
411 695
342 307
184 308
261 409
21 783
154 54
151 248
32 667
122 489
54 330
92 527
160 898
435 252
395 389
471 1
58 232
388 891
335 922
227 947
54 593
2 258
477 170
381 268
231 359
422 469
280 190
496 953
8 727
240 208
311 326
352 99
86 562
132 920
313 829
18 628
72 886
377 233
297 123
225 437
153 218
69 949
82 314
169 306
222 29
174 436
382 417
227 612
129 200
364 582
30 292
298 215
75 199
65 603
155 58
141 274
323 436
216 347
440 222
170 26
173 468
438 991
486 982
24 719
207 8
328 910
155 391
214 956
387 949
279 192
4 7
222 683
292 709
430 239
15 553
3 95
404 212
219 696
417 997
44 745
209 747
487 559
108 558
127 572
200 520
486 753
47 122
243 345
15 468
144 128
217 605
46 275
257 628
35 2
218 790
495 724
85 521
402 649
26 416
196 862
39 104
179 733
399 674
345 947
210 883
242 982
139 256
80 174
171 894
155 50
416 808
456 535
388 330
120 693
223 870
62 475
222 789
409 972
430 753
315 793
496 392
167 161
322 739
32 174
381 384
341 450
185 852
452 138
270 749
214 666
1 480
469 529
206 470
217 775
187 637
379 732
289 868
387 722
324 942
268 205
29 443
413 666
216 611
378 270
180 788
11 472
106 462
336 298
12 549
167 604
469 423
137 386
336 223
127 416
351 337
224 274
282 990
214 160
381 890
271 210
164 957
168 408
4 311
188 526
490 88
346 854
490 863
62 462
255 872
171 387
126 283
49 702
176 843
345 790
268 84
342 318
140 809
293 769
374 485
260 803
94 728
402 378
213 524
302 205
493 433
22 243
16 493
263 816
79 624
430 339
181 472
176 731
318 560
321 707
343 718
125 499
338 309
205 426
282 400
180 177
27 24
477 753
179 568
293 792
423 158
116 56
140 221
264 432
12 233
213 839
25 707
298 598
108 174
412 173
325 297
357 249
3 38
392 613
414 457
475 118
240 309
111 811
381 852
8 413
132 54
148 476
211 660
436 554
350 405
246 492
187 680
437 301
330 67
110 213
5 235
19 291
163 141
344 478
52 469
445 747
156 517
367 322
445 745
299 673
346 816
145 949
122 365
162 830
320 974
267 107
488 325
38 654
154 990
303 553
321 832
257 817
391 855
169 545
415 713
126 570
207 728
109 274
139 519
419 875
46 361
220 310
275 806
59 95
474 391
463 227
305 820
300 783
13 268
39 706
97 901
458 406
181 965
127 355
230 968
498 485
250 562
189 463
334 343
244 511
288 921
129 620
298 899
33 885
494 228
92 596
379 301
82 884
276 318
247 774
300 350
64 786
437 650
77 204
277 488
165 949
18 356
57 548
349 187
93 908
442 174
361 632
133 25
123 20
368 317
40 581
467 730
456 756
248 201
385 31
433 609
35 161
262 280
98 988
455 389
24 715
493 820
474 692
412 537
112 910
469 528
299 448
105 988
422 611
386 295
101 904
112 34
474 516
106 173
324 843
22 865
9 411
419 76
46 819
286 653
258 427
83 952
411 277
496 660
84 413
386 979
235 246
111 602
205 925
312 90
368 713
16 22
372 715
288 127
486 514
472 844
104 218
386 629
485 598
178 865
468 4
118 39
58 105
371 882
433 76
399 289
82 127
276 230
79 891
36 660
493 443
171 167
175 316
83 799
420 403
366 381
242 303
85 297
164 993
82 187
197 506
59 528
181 772
393 903
267 747
164 333
488 661
65 566
331 991
244 741
409 378
260 798
251 7
51 242
370 815
154 322
214 526
475 304
66 32
409 346
218 636
270 304
182 456
288 569
339 597
274 936
132 837
239 133
443 891
416 705
283 474
441 842
303 528
469 616
196 219
79 215
352 989
288 702
116 276
419 127
412 30
374 137
60 323
437 218
209 275
411 416
36 962
249 26
265 144
460 202
56 342
375 822
461 14
480 927
14 266
21 778
365 496
146 62
189 309
397 772
81 23
335 141
52 271
401 433
200 159
432 532
421 32
485 830
316 1000
444 347
463 962
340 640
155 517
224 935
309 890
183 405
197 848
81 386
12 554
328 280
455 596
202 583
288 922
277 489
489 778
106 370
235 362
103 26
181 389
107 718
425 162
271 75
134 701
146 389
83 891
288 671
215 24
416 299
249 35
103 933
265 492
264 835
432 628
486 528
448 254
126 641
108 613
122 95
115 151
322 663
30 520
412 526
303 857
91 664
347 323
31 955
68 831
277 855
443 383
149 698
136 266
179 369
216 428
410 665
266 772
37 919
337 379
84 420
488 58
307 94
187 666
78 163
193 793
337 279
383 108
432 135
64 424
29 374
97 414
224 569
319 223
248 375
279 867
136 283
409 128
209 44
396 409
242 284
113 925
199 456
422 50
159 96
193 737
4 328
392 915
208 14
219 701
313 981
388 8
384 929
115 885
75 939
395 287
168 936
439 848
257 709
220 81
102 653
390 828
32 407
497 596
115 257
246 488
390 730
26 523
57 991
26 920
215 708
55 964
325 853
424 196
466 629
266 537
17 70
432 561
105 290
99 888
215 747
123 103
197 46
234 595
133 525
237 673
71 244
113 569
19 356
228 216
114 775
268 379
72 659
466 648
83 627
411 79
230 745
447 218
92 625
423 33
41 938
252 361
153 486
257 389
116 189
418 397
322 212
225 798
188 388
317 346
122 568
168 458
362 638
489 209
493 898
451 107
425 224
181 278
299 569
234 872
122 911
166 841
40 508
198 914
499 344
180 454
246 770
95 168
229 697
126 837
386 34
6 20
378 29
341 499
451 364
316 163
67 972
357 662
89 431
466 240
323 200
428 853
79 856
243 585
430 545
445 102
122 706
497 897
474 354
391 173
380 784
301 869
390 938
479 52
85 20
334 751
458 52
305 429
274 956
385 14
48 927
371 386
385 320
428 795
471 319
160 230
422 941
470 222
247 730
195 514
245 589
433 351
422 276
230 921
349 468
121 918
81 707
4 779
423 20
486 931
375 164
123 677
49 219
170 918
46 388
274 560
383 112
116 105
141 207
496 606
194 225
270 689
312 869
351 520
84 224
224 753
108 480
194 67
493 201
267 46
374 840
195 318
149 142
295 4
65 999
302 310
491 99
481 415
133 749
61 90
316 546
145 563
341 748
357 263
390 512
385 693
269 597
275 925
253 431
101 504
89 154
257 935
258 698
121 113
492 570
153 48
399 108
46 667
194 569
310 673
440 977
173 572
251 596
6 596
9 466
262 222
289 369
108 396
109 829
119 958
481 677
92 266
141 300
282 760
466 356
118 785
175 690
71 554
286 54
55 323
328 241
496 933
224 852
12 450
262 110
158 823
444 998
213 392
290 482
430 467
479 720
260 328
459 251
6 511
327 145
195 714
185 482
4 109
440 771
497 403
496 587
447 507
174 117
261 387
86 984
394 107
464 84
349 413
257 694
234 939
6 93
373 618
158 422
321 918
392 109
266 871
191 349
485 506
409 202
351 58
406 941
29 928
369 759
144 160
95 857
233 799
439 780
178 962
386 29
233 921
20 739
164 476
291 452
29 708
374 308
44 221
188 152
56 338
163 410
343 770
370 550
268 442
191 668
337 219
377 6
284 909
249 885
174 460
107 688
359 698
242 845
272 237
242 458
378 210
420 589
214 218
275 547
170 684
272 647
219 708
471 331
79 299
413 659
457 838
17 352
278 755
131 107
106 81
170 203
496 39
273 200
274 560
368 896
217 502
448 651
135 221
304 410
210 969
101 757
8 171
229 477
115 319
147 511
27 969
178 698
129 90
266 267
107 629
43 151
17 567
161 272
2 702
148 692
60 729
349 531
304 865
49 367
489 527
108 56
190 966
336 225
58 945
160 933
472 104
255 63
435 943
73 456
144 568
339 129
269 547
142 916
424 570
118 758
9 442
16 864
88 911
246 102
51 958
429 463
270 441
327 887
359 695
291 801
60 82
278 105
39 85
446 737
89 550
176 426
74 288
354 477
157 724
375 618
203 641
266 706
344 641
381 920
200 742
174 725
87 821
499 812
288 937
179 938
427 76
260 882
377 218
53 489
239 102
23 565
62 128
312 699
107 783
172 122
395 236
264 530
40 135
335 641
264 391
471 815
473 500
40 608
98 846
31 146
53 587
90 703
273 325
422 765
450 491
252 261
403 722
280 641
72 690
219 489
436 357
136 783
172 486
217 122
476 951
115 816
221 734
308 64
200 760
435 415
102 701
273 72
209 439
230 601
242 462
413 988
99 749
273 148
339 475
396 609
240 234
421 685
240 404
205 647
499 119
373 976
467 126
219 29
321 323
34 76
55 969
15 42
39 103
89 28
431 754
207 829
141 561
209 127
49 543
445 957
116 92
471 897
356 325
406 338
2 470
60 312
351 581
219 755
329 417
350 968
115 851
152 741
260 27
455 336
229 406
24 2
222 758
449 282
454 635
250 480
76 137
428 214
145 138
55 502
35 853
463 864
128 910
294 810
128 353
155 390
463 257
466 758
79 590
439 819
120 935
268 902
88 811
438 38
129 630
114 396
281 266
320 964
382 852
65 701
106 489
182 489
148 441
467 937
403 291
93 83
87 953
2 790
178 372
106 160
333 523
356 285
214 441
297 867
232 141
460 652
273 13
194 651
16 613
484 58
7 493
243 236
262 193
133 831
205 629
433 76
494 360
73 985
239 320
450 598
139 855
41 568
306 965
264 851
10 742
107 539
155 220
169 324
426 704
174 984
286 85
329 633
459 534
352 120
52 546
51 997
202 780
3 624
333 312
181 112
410 570
262 602
170 729
135 284
267 613
199 642
132 941
228 568
246 676
187 745
68 684
88 792
430 83
338 502
309 182
483 579
173 923
399 440
401 899
121 404
148 824
154 237
408 19
240 969
247 266
330 190
67 232
266 831
6 477
406 848
411 935
356 52
199 401
412 748
488 75
55 555
269 90
9 400
106 377
427 812
31 560
167 749
283 613
3 314
487 448
131 583
142 788
2 147
187 682
415 728
289 527
314 267
44 170
410 573
437 463
331 657
38 663
419 991
469 947
132 560
336 798
2 595
227 419
307 671
86 760
198 10
227 689
256 418
486 904
492 858
442 955
214 951
151 918
138 451
212 747
274 10
390 407
141 276
217 975
138 714
412 402
76 803
244 689
191 777
58 444
63 400
380 159
15 495
90 286
440 939
81 988
459 760
429 930
237 753
153 221
42 18
392 689
233 747
41 349
141 696
321 719
190 847
340 74
157 746
253 501
42 693
407 574
205 186
104 103
43 123
99 623
285 984
358 780
453 986
377 887
348 183
250 737
347 279
397 397
282 741
210 613
26 531
76 570
439 623
208 438
177 290
178 108
382 60
51 379
48 168
233 983
230 61
223 280
301 583
384 751
477 875
405 446
6 699
464 967
108 225
208 760
93 590
467 229
261 349
387 198
234 444
416 707
497 579
28 750
384 849
228 920
278 963
423 670
460 181
8 221
110 494
445 972
305 863
137 1
334 77
153 334
255 167
455 597
464 802
327 18
332 435
42 616
473 868
255 503
470 3
132 949
20 359
166 754
199 221
349 136
461 818
46 890
491 729
437 348
467 447
453 572
410 670
266 784
262 879
34 704
179 155
319 157
166 564
260 99
454 743
286 738
486 269
133 515
118 490
207 353
326 589
384 445
248 618
363 455
98 868
336 810
62 367
310 856
288 509
59 77
117 478
157 840
433 14
427 167
180 778
401 931
5 651
468 444
43 614
286 198
379 595
304 740
197 869
332 443
146 177
462 771
70 514
230 937
311 452
312 656
250 728
178 562
220 944
497 458
324 732
314 667
186 403
63 886
491 94
210 480
180 673
350 106
256 675
224 686
342 409
79 798
338 142
186 654
171 669
366 917
253 10
180 984
120 62
72 257
184 49
488 758
10 757
438 788
219 985
187 437
200 291
392 720
182 626
135 848
202 74
415 335
255 993
211 733
423 386
468 867
348 408
233 693
44 237
119 832
103 739
192 936
3 627
93 630
152 989
487 639
177 599
89 232
159 497
456 120
128 616
295 815
155 881
73 166
66 881
460 567
384 738
31 391
88 601
427 976
490 310
230 756
409 268
8 974
88 769
22 819
412 344
236 738
109 381
125 216
381 737
98 863
102 751
359 936
44 445
249 358
230 639
145 85
388 688
163 707
497 99
7 662
434 746
115 358
46 860
297 348
239 508
148 907
129 47
249 869
370 815
353 849
242 758
499 444
359 660
491 886
480 509
64 943
69 653
397 170
135 238
252 456
74 787
99 192
474 405
405 413
281 718
175 369
225 492
389 577
247 33
299 48
156 760
107 584
143 18
222 214
374 402
215 134
68 982
79 760
171 568
446 25
247 515
24 380
15 97
363 690
226 76
268 504
245 348
304 737
463 145
101 379
132 282
130 902
355 389
87 962
125 15
124 248
147 686
383 892
476 869
296 617
118 880
21 878
335 505
382 944
285 922
223 328
306 772
268 206
13 959
104 926
341 267
108 394
345 367
110 224
340 304
321 422
262 188
323 339
310 966
58 215
81 429
148 37
194 505
121 192
108 230
409 397
349 276
430 168
153 741
2 9
403 937
93 791
177 327
42 365
422 973
340 717
3 793
111 259
126 617
242 395
383 320
263 590
87 34
341 432
367 186
198 421
329 505
61 646
369 514
257 519
487 500
27 547
455 800
220 129
296 211
475 48
66 774
261 105
18 268
386 285
231 124
275 951
78 16
393 298
289 85
385 134
153 492
407 727
289 584
224 487
234 433
115 846
332 720
212 551
241 908
364 676
437 636
224 396
246 678
84 524
105 496
53 92
168 397
293 979
73 402
315 790
299 393
55 877
343 174
492 614
422 152
136 327
429 690
367 334
457 507
386 259
165 554
262 120
380 934
57 415
55 398
288 805
183 404
174 926
206 503
456 993
20 473
318 45
296 70
240 188
472 950
308 367
337 421
115 954
434 25
58 146
468 531
116 308
410 354
377 935
209 196
65 997
167 775
13 406
144 447
252 390
345 728
418 640
401 679
429 179
340 860
449 372
26 187
410 155
372 795
360 778
393 629
418 716
255 1
153 843
30 150
219 453
2 66
271 799
353 961
160 386
444 600
406 61
126 332
423 283
489 550
74 559
12 994
292 549
44 65
159 251
191 788
96 200
429 617
216 259
441 323
367 15
152 677
360 806
381 823
314 635
317 716
495 5
3 907
102 673
394 381
11 222
113 926
212 999
216 616
124 365
326 404
54 283
242 723
267 894
349 100
384 236
244 358
124 540
18 568
137 343
461 102
140 509
234 183
106 763
281 958
392 619
150 734
98 717
53 409
144 309
344 490
341 421
222 737
253 516
426 296
396 895
269 116
343 255
169 830
423 715
378 346
404 223
6 191
283 157
24 608
495 660
89 443
300 302
35 928
161 982
77 532
216 905
175 815
368 372
53 258
214 159
90 685
371 305
471 8
301 988
161 232
115 785
59 293
250 839
336 970
189 145
5 604
341 566
97 326
22 861
436 212
172 175
101 383
261 919
299 73
482 672
335 625
289 223
180 193
318 1
71 638
432 141
456 192
458 77
56 283
137 721
81 788
165 388
427 352
32 283
500 626
301 684
214 171
360 363
55 951
345 603
325 445
11 803
396 559
92 254
441 284
34 344
236 970
164 270
148 471
465 77
493 258
136 341
334 990
465 367
308 727
238 469
211 175
70 658
4 163
210 386
166 434
361 50
97 862
318 299
212 126
67 139
449 450
275 741
63 401
191 250
207 800
386 504
475 812
276 90
407 738
153 376
17 108
253 856
308 919
182 37
399 203
435 7
222 35
112 827
101 533
223 725
40 572
477 923
431 380
54 251
219 445
436 672
376 116
103 705
265 486
453 355
285 327
356 376
415 963
248 784
212 714
233 735
275 561
446 254
454 102
155 686
231 564
448 499
425 536
130 470
276 491
466 669
350 90
440 871
44 306
393 642
28 8
148 80
96 640
334 802
55 707
284 331
487 959
217 928
443 490
43 181
401 286
198 940
334 124
323 811
109 26
431 747
246 750
225 792
404 568
284 182
44 427
472 120
443 381
214 807
346 992
306 337
113 271
300 439
382 492
399 676
326 897
118 451
428 246
207 64
45 459
188 90
328 998
8 383
39 703
16 296
42 634
442 823
402 269
65 751
164 299
349 410
359 352
117 720
436 302
95 15
84 543
240 230
147 588
167 375
199 381
374 100
111 442
499 761
173 922
157 2
490 385
347 350
356 943
500 532
496 463
448 693
70 174
342 923
341 941
322 48
259 295
413 2
161 247
247 894
315 292
415 634
230 558
125 527
146 806
480 175
134 777
83 843
229 822
270 728
314 232
297 515
76 909
432 563
436 544
47 430
430 260
88 166
322 898
171 669
307 501
409 15
240 28
108 368
7 79
477 54
302 142
243 815
148 39
372 654
476 638
254 738
304 361
27 359
69 453
264 897
64 635
314 198
308 735
350 868
330 891
251 852
177 855
69 685
228 388
312 995
421 33
473 113
240 717
297 588
374 774
172 794
430 242
364 180
125 155
233 104
308 320
359 618
340 59
170 555
285 781
473 778
475 504
375 83
185 102
29 5
403 150
456 105
59 168
330 495
346 817
135 531
32 552
406 928
289 873
3 483
1 162
19 580
479 797
114 264
73 110
336 307
259 605
236 500
129 453
197 689
193 446
25 533
42 657
171 135
393 763
315 525
474 59
449 216
67 158
406 41
87 755
434 37
38 435
83 117
226 419
320 153
485 813
98 422
94 60
75 670
317 319
75 359
51 423
440 118
477 340
224 421
323 869
178 747
240 903
398 715
192 809
428 56
106 885
104 671
160 536
177 741
323 710
311 595
295 24
343 727
275 63
28 877
325 942
101 837
429 11
336 519
46 486
193 877
308 133
15 983
392 983
482 637
277 303
74 840
452 748
383 562
363 551
373 272
425 44
374 948
465 29
78 680
23 363
158 176
175 302
364 919
462 951
330 421
106 740
173 791
249 908
155 919
239 764
36 166
331 905
310 103
112 430
327 46
77 80
276 289
87 568
243 806
222 809
236 773
337 628
439 143
130 96
468 943
469 165
84 583
3 835
128 567
162 958
44 858
375 789
138 97
61 915
427 60
436 813
124 845
332 310
497 216
219 864
466 553
484 723
342 172
117 35
189 450
44 860
249 51
301 65
245 559
175 295
56 329
424 107
59 406
50 171
494 562
124 43
468 213
244 838
194 44
30 56
493 410
212 586
449 489
187 606
236 947
342 859
492 190
382 419
245 1000
479 27
67 126
437 890
470 467
380 486
11 472
116 572
483 879
27 854
213 732
313 690
392 310
307 568
116 146
27 596
294 481
279 965
411 547
162 781
306 404
286 307
189 190
128 373
439 367
146 121
96 501
211 254
437 7
412 582
107 629
21 143
224 19
406 811
247 162
287 908
249 423
221 748
186 96
107 140
86 700
287 579
179 443
326 50
162 710
335 565
163 464
442 380
198 325
112 891
283 930
16 887
218 469
278 458
443 478
271 369
20 246
40 692
369 902
352 21
339 172
350 685
8 474
384 283
246 424
53 270
18 43
2 150
35 797
379 357
431 622
290 980
244 683
360 355
259 919
166 393
345 152
263 77
355 875
393 180
344 882
181 980
245 621
379 552
128 207
317 797
175 674
46 708
439 469
194 274
36 389
129 812
464 722
49 151
244 276
460 750
74 581
280 93
279 177
465 766
138 579
412 474
426 777
177 715
121 140
432 351
145 977
47 47
387 803
212 513
202 52
292 563
457 713
271 881
157 686
58 120
309 802
352 212
490 468
462 207
249 310
221 763
286 969
214 450
179 322
88 812
50 667
47 305
392 13
332 887
10 52
176 526
292 611
426 178
199 210
433 585
191 837
345 886
450 351
332 261
312 519
380 895
95 586
132 16
412 529
280 624
191 340
245 783
148 54
216 205
143 163
338 65
420 192
384 367
386 802
359 839
201 482
126 652
474 895
367 858
464 853
32 340
344 541
483 813
76 188
444 397
431 880
373 982
84 856
18 360
133 395
466 897
330 772
425 169
43 685
324 110
398 658
30 323
404 111
249 118
417 148
124 130
469 911
182 562
6 155
27 215
488 433
5 268
164 332
478 39
217 129
487 939
474 622
356 60
27 666
387 627
186 382
374 979
417 667
161 147
79 428
23 325
39 76
43 670
235 883
47 590
436 173
92 330
57 508
153 777
467 983
224 84
40 883
409 26
459 17
350 666
442 856
450 50
129 253
134 407
54 687
301 654
397 384
91 691
187 921
397 736
193 533
270 121
239 954
241 853
69 531
77 703
304 169
317 485
394 746
277 441
202 323
400 567
52 258
117 14
79 711
431 634
472 717
16 489
254 443
17 13
482 168
314 425
317 870
498 232
459 806
420 82
239 676
409 400
412 524
16 178
54 37
397 439
90 630
134 61
161 278
415 330
452 352
286 890
272 775
202 625
276 838
495 459
292 412
186 426
14 533
121 881
339 908
34 391
91 296
281 293
214 396
14 595
260 900
163 504
333 317
434 737
16 484
151 660
469 810
461 957
381 102
445 9
339 339
182 161
80 131
327 65
302 348
190 106
477 859
335 332
342 631
100 912
412 239
446 821
179 390
24 273
98 437
250 267
62 194
245 463
149 16
93 841
460 927
151 893
163 901
404 254
276 5
406 462
451 831
193 966
346 521
37 694
237 980
482 479
459 113
227 207
181 990
115 669
126 4
437 493
440 163
156 270
26 968
119 434
146 149
189 6
425 577
418 435
197 795
31 125
86 281
465 114
317 557
378 788
380 299
225 178
182 940
125 572
117 359
374 382
33 776
372 671
353 553
29 826
331 944
43 500
444 961
393 567
488 614
116 255
211 540
449 956
21 992
29 863
220 98
409 824
439 920
435 879
205 446
221 321
50 581
341 325
405 962
244 992
151 752
211 246
247 1000
450 338
382 472
299 272
177 417
255 89
180 558
287 830
394 570
250 953
327 625
233 600
480 402
387 779
285 723
293 825
23 30
97 38
249 227
119 815
436 789
312 169
402 521
51 150
311 316
436 953
85 621
438 53
90 947
484 361
359 512
248 407
216 294
160 342
57 33
317 556
391 69
44 95
430 873
262 582
185 853
395 59
77 40
466 692
331 573
68 602
169 726
67 530
141 1
173 203
302 594
473 750
35 890
15 637
227 303
210 453
188 428
379 741
42 586
468 180
401 566
468 638
498 437
297 848
291 134
302 612
274 543
115 239
78 891
353 529
434 730
166 980
95 297
240 745
281 355
80 535
179 992
147 573
422 878
400 370
29 293
49 763
478 439
255 213
296 96
322 12
26 234
46 499
127 332
90 245
82 604
423 891
179 995
364 318
6 440
319 760
396 319
477 118
21 307
85 985
177 537
214 598
461 56
286 698
375 182
213 457
24 52
295 273
58 29
481 683
374 515
178 498
36 667
249 646
225 26
13 523
79 559
190 998
259 130
2 152
72 270
422 103
444 348
213 57
379 328
189 50
174 351
353 487
36 33
131 515
170 476
431 611
273 49
472 430
430 859
26 791
125 636
127 333
237 298
409 970
115 203
280 3
308 429
132 680
356 730
182 165
33 697
412 456
165 207
153 380
271 264
174 661
315 329
73 109
288 408
332 630
377 511
378 632
207 852
323 453
366 76
330 540
210 890
10 315
72 82
158 769
376 67
174 163
97 708
141 821
272 110
376 3
418 651
171 992
89 957
146 534
71 242
103 551
120 182
231 869
181 193
205 325
289 683
6 353
33 445
201 669
122 994
423 946
129 335
447 178
431 6
306 3
390 401
57 848
476 933
61 148
357 676
384 976
186 456
366 870
392 525
67 287
62 350
31 899
347 355
326 487
464 890
221 596
145 811
152 581
13 360
170 768
103 212
114 921
158 891
363 476
52 243
42 578
339 162
246 725
12 280
296 487
248 494
492 96
300 271
376 175
224 678
440 539
100 256
414 562
393 187
123 817
29 135
65 181
189 572
58 338
471 989
141 946
65 100
204 480
424 429
354 485
392 959
241 779
363 112
102 569
68 704
456 894
282 890
178 241
445 654
445 72
481 906
246 439
253 147
155 540
65 406
4 641
58 275
388 537
353 861
361 351
419 35
116 827
376 435
216 638
123 407
294 80
437 536
57 208
140 307
363 956
374 705
115 41
54 91
377 909
438 894
207 819
401 627
113 320
283 778
115 220
334 760
13 938
144 158
159 299
115 645
23 527
376 606
272 286
467 799
224 111
89 915
488 855
31 160
365 36
150 703
411 338
179 104
422 38
45 133
433 961
53 919
314 175
306 166
193 480
409 485
357 247
454 404
152 609
348 475
46 384
229 75
204 385
282 223
93 659
225 363
358 714
391 52
366 170
237 288
396 463
286 167
456 540
91 690
443 203
149 339
275 501
217 301
462 418
290 830
278 971
444 298
245 813
53 657
290 905
184 652
228 347
255 20
381 335
193 108
473 491
253 984
352 801
182 638
217 299
411 99
213 724
333 465
240 716
22 48
378 892
36 251
172 443
271 916
440 792
331 843
186 601
41 499
97 892
99 813
66 92
75 832
314 559
432 169
86 453
39 928
406 763
357 156
242 336
272 656
193 495
15 621
127 631
345 738
10 432
317 170
471 367
499 829
481 699
191 793
90 953
99 466
366 501
82 215
85 578
258 967
148 148
361 948
134 180
360 416
271 499
128 597
497 194
197 281
99 794
427 497
430 720
223 221
198 515
287 821
145 761
254 506
494 270
430 176
184 351
467 474
80 758
194 759
237 615
437 540
194 74
139 522
77 690
259 985
290 493
226 444
466 909
272 623
169 39
154 663
282 449
141 482
49 761
322 935
185 708
11 654
315 125
461 650
371 70
274 174
246 547
56 871
424 85
115 832
62 749
104 851
66 818
347 7
42 644
222 877
367 986
234 136
459 185
169 748
216 573
360 669
154 909
276 891
263 554
380 573
10 49
493 260
242 2
304 9
103 199
283 722
173 232
446 121
301 310
180 917
116 111
403 509
319 395
360 914
255 852
418 980
332 707
244 416
345 816
293 609
225 569
228 613
97 736
280 977
36 982
354 647
176 868
308 198
455 476
120 123
308 19
338 351
27 610
350 161
278 581
117 622
186 252
494 6
158 752
356 697
274 496
154 433
294 764
242 633
264 441
45 478
126 527
307 678
81 999
14 183
243 50
69 560
376 630
388 669
280 41
353 503
70 803
452 315
239 223
426 405
196 234
31 788
50 423
250 879
425 771
45 176
271 549
233 864
201 439
359 915
182 99
440 14
267 976
30 414
112 636
307 34
349 919
77 404
214 421
115 804
475 636
159 150
30 70
216 133
287 305
494 136
186 926
76 539
87 903
306 929
75 668
155 969
337 911
396 222
356 271
105 460
326 962
247 192
484 647
187 663
205 203
326 498
175 257
246 88
269 127
108 300
162 183
462 585
190 748
35 683
274 462
484 320
60 471
74 167
429 278
497 911
206 228
491 483
133 566
225 60
465 82
137 816
199 85
49 954
187 84
255 842
138 218
6 15
204 1
311 249
261 236
131 28
64 829
32 882
412 827
10 320
311 14
36 308
420 478
224 541
288 696
383 459
178 730
212 873
3 514
3 697
476 762
489 94
462 342
170 31
161 985
425 891
195 828
55 920
47 505
50 41
168 944
496 447
496 232
441 846
183 88
137 540
134 61
102 117
68 991
228 347
90 24
49 725
382 780
347 341
478 743
420 542
489 612
470 957
487 922
247 655
117 388
342 124
396 152
418 34
266 47
207 253
84 359
219 470
422 478
14 570
136 576
481 60
90 67
392 989
147 737
14 875
197 501
349 104
484 249
250 476
388 208
14 790
20 448
294 703
48 186
492 919
313 820
102 308
63 798
222 552
72 349
347 546
32 333
67 912
491 306
362 468
214 288
430 236
408 481
463 159
440 751
392 708
133 563
247 925
145 413
330 501
154 701
446 405
408 442
348 829
306 777
345 265
276 688
142 489
93 851
365 502
495 142
467 642
284 628
367 248
358 872
489 236
189 707
462 811
62 741
111 142
451 855
48 747
18 696
248 453
252 222
201 861
91 215
145 664
54 113
438 235
139 791
118 933
1 781
376 588
251 494
221 755
480 3
74 490
137 719
213 342
392 529
427 523
290 946
457 799
99 544
229 848
408 370
3 617
246 308
387 257
141 85
181 581
80 887
320 303
275 751
451 222
352 910
58 704
403 127
379 382
335 490
228 903
498 160
376 87
484 712
256 497
350 553
404 843
2 673
206 849
257 206
246 396
74 3
330 549
153 973
493 525
350 255
286 982
295 138
74 455
267 849
34 916
13 756
442 309
332 802
139 256
428 549
253 17
329 185
41 129
18 54
320 420
261 110
440 759
297 96
377 378
320 382
226 283
446 436
486 827
253 914
123 581
42 436
341 12
453 104
8 444
153 520
258 804
14 832
322 906
18 482
168 359
393 408
432 365
144 994
136 558
281 921
116 575
73 571
446 157
150 608
78 190
430 948
75 492
463 470
15 485
192 559
276 143
107 296
7 18
125 110
401 669
496 703
131 382
244 849
483 5
188 48
313 992
473 497
251 308
450 270
431 490
230 17
132 320
147 915
296 98
316 655
161 409
346 643
443 611
190 447
204 650
435 50
141 633
50 681
369 157
493 984
239 377
259 358
345 796
296 340
202 622
361 855
203 873
343 398
382 261
301 966
38 503
91 204
175 826
449 666
421 254
134 870
131 760
393 511
162 482
169 682
386 997
424 516
492 629
99 56
500 564
108 124
321 281
420 839
391 746
370 205
308 359
19 918
322 417
191 452
472 371
216 20
31 632
46 103
363 629
58 745
142 144
199 225
28 18
322 787
448 729
265 938
302 545
391 858
53 819
393 349
339 302
216 171
382 790
17 432
61 66
497 329
212 554
306 231
8 289
225 615
334 271
34 625
350 194
58 152
319 367
259 417
198 587
317 455
402 967
114 438
202 211
290 871
333 41
377 684
284 214
194 629
295 333
25 609
41 701
195 305
177 155
229 297
393 923
194 928
80 819
25 411
77 416
110 245
189 782
344 249
21 762
355 403
364 266
303 124
370 839
44 484
170 210
191 213
410 245
429 918
500 931
459 525
386 810
498 753
490 880
87 478
59 140
134 482
336 886
414 288
438 858
408 435
136 177
249 509
406 569
129 416
429 582
498 77
202 64
92 740
429 599
203 275
341 404
125 146
257 938
320 574
325 853
227 796
432 474
260 649
148 991
270 760
196 212
16 179
5 930
98 749
497 667
2 664
220 155
454 178
235 325
499 806
410 1
238 552
176 140
222 217
74 384
393 948
420 190
331 903
183 705
283 366
472 741
477 556
491 304
76 868
135 879
77 928
321 716
43 119
44 375
424 684
32 163
404 21
246 347
445 601
494 764
318 373
158 100
373 681
19 307
46 702
345 129
465 771
487 33
311 649
431 380
31 339
243 593
276 218
37 139
73 280
145 491
137 59
80 24
112 189
147 165
22 209
276 762
486 288
84 989
274 333
62 978
457 126
103 944
313 53
218 255
183 837
442 351
39 216
358 186
372 48
324 724
491 885
365 698
182 247
87 706
301 797
148 921
372 109
379 570
420 772
273 773
154 216
101 351
192 372
331 185
471 652
137 611
237 730
71 714
40 608
453 847
322 471
426 194
87 703
248 135
63 128
137 472
352 553
15 579
292 23
132 317
19 440
351 223
448 480
111 48
300 379
9 156
103 452
192 404
165 446
293 309
80 73
75 821
356 568
448 667
403 472
184 575
267 811
370 810
72 838
29 407
114 223
188 386
238 412
461 855
352 992
7 150
369 367
338 454
194 100
303 24
421 920
400 574
218 678
237 163
461 549
52 348
154 926
134 136
157 454
78 316
375 350
485 186
164 201
239 930
342 342
429 905
342 911
483 394
58 377
405 619
263 325
272 665
4 622
362 550
154 956
338 409
178 416
500 559
296 41
77 738
29 374
9 343
458 885
430 811
490 132
233 592
226 846
270 77
464 568
29 548
323 260
402 529
385 438
500 191
428 317
177 292
161 396
172 680
430 858
225 762
94 750
186 508
431 831
114 464
319 140
466 131
123 215
381 153
372 319
36 545
326 502
190 474
131 960
186 806
16 45
143 342
238 393
171 639
288 970
431 403
299 65
110 379
78 941
448 531
195 12
68 166
281 268
453 556
243 737
190 457
6 399
217 880
202 875
237 799
43 917
142 629
85 729
72 378
44 990
30 302
126 893
234 909
257 790
166 736
322 289
269 607
90 377
38 327
250 597
71 118
306 369
154 575
74 330
141 530
245 953
312 498
421 690
271 406
246 982
480 680
102 990
378 82
258 936
455 99
95 615
270 732
487 990
400 599
412 725
208 314
469 159
74 384
248 483
134 833
72 258
108 444
341 409
113 18
328 239
303 540
163 568
302 623
92 180
372 991
161 890
306 754
336 905
279 383
296 472
341 983
195 771
285 546
169 161
480 557
490 21
15 155
99 218
310 857
231 74
281 967
95 384
179 419
298 757
220 848
431 512
356 887
104 177
272 900
276 520
121 693
226 145
206 375
264 443
347 738
75 81
168 437
476 657
138 188
408 483
444 825
470 276
320 658
153 100
317 114
261 108
356 729
390 820
358 864
464 12
68 648
395 345
292 939
11 507
476 254
316 661
256 524
214 324
209 718
31 667
494 258
403 670
146 210
397 454
168 143
457 45
306 53
65 210
474 776
356 391
52 351
203 529
55 849
410 336
210 805
27 512
370 262
4 70
55 63
31 423
94 963
481 14
69 960
484 828
57 109
150 581
439 761
422 904
158 94
21 111
80 431
223 1
263 821
43 60
358 456
372 143
188 236
262 278
200 154
456 783
410 793
251 5
80 844
83 266
245 557
497 803
54 418
73 471
90 488
216 208
203 406
368 229
453 803
167 551
255 730
81 930
120 380
426 942
328 502
168 135
215 621
197 450
241 904
359 530
450 278
167 969
112 471
263 570
186 431
316 431
127 632
59 630
140 118
463 794
407 953
487 999
261 439
232 445
352 105
431 521
40 135
292 224
278 757
437 790
243 584
312 871
420 580
191 211
106 648
331 311
216 957
454 617
366 554
396 68
80 243
271 525
43 163
167 133
308 448
67 249
467 654
173 942
341 303
71 737
249 537
212 134
295 816
44 950
234 902
464 415
185 856
393 127
400 931
49 512
444 967
195 43
458 426
166 838
7 680
164 312
290 818
275 22
326 916
65 999
167 420
428 237
370 95
176 877
379 166
480 65
302 890
430 771
145 915
471 101
441 63
266 471
472 913
332 321
162 184
192 961
415 434
228 175
247 817
332 599
467 756
149 311
175 265
481 538
444 530
56 164
76 653
6 23
296 480
484 29
34 93
167 543
58 203
253 453
266 261
405 87
444 822
497 964
263 221
350 648
26 374
498 811
448 425
342 280
89 799
241 500
308 426
61 720
433 676
105 415
120 211
39 636
383 339
142 14
137 733
447 445
392 247
427 714
36 435
68 522
400 612
369 204
28 47
278 667
364 199
141 525
308 459
174 277
112 52
422 646
278 17
206 241
29 341
388 129
193 284
342 765
337 57
42 965
147 828
91 833
2 347
361 135
268 646
386 779
482 791
423 860
73 370
165 316
182 545
410 967
446 883
354 64
495 502
190 729
453 490
334 634
256 88
286 412
116 723
47 950
102 158
379 543
283 399
227 525
387 442
199 494
195 920
427 677
30 473
419 95
445 760
176 990
289 87
114 949
305 651
130 261
408 608
41 704
111 24
359 853
239 776
180 556
250 700
449 594
87 660
323 478
495 983
349 324
58 935
263 922
463 468
473 994
287 62
340 472
366 173
327 860
55 988
30 658
57 998
408 80
102 678
441 951
153 741
490 30
274 920
363 395
393 296
213 627
455 367
426 557
264 159
298 74
442 909
104 423
472 974
355 366
70 608
29 402
300 468
493 770
442 955
496 15
272 31
319 145
153 67
162 95
196 765
236 758
300 603
205 61
28 28
212 958
172 689
59 910
267 140
392 177
90 183
225 856
415 111
357 572
73 99
360 808
159 392
205 682
251 295
391 202
325 409
195 326
452 89
219 605
288 275
49 619
1 676
293 36
47 826
497 828
38 93
316 998
92 215
101 580
9 600
361 759
210 908
386 679
173 905
109 501
239 475
126 735
483 666
198 332
299 472
238 409
289 379
6 163
308 954
152 461
10 134
103 604
99 862
434 497
391 927
117 271
101 347
418 903
370 314
347 408
444 655
375 10
429 445
158 613
26 177
419 69
483 137
17 657
354 685
355 460
420 341
275 403
334 116
16 697
319 476
132 744
394 833
342 832
283 706
181 781
107 693
292 348
180 546
486 493
473 36
461 520
129 563
135 273
465 781
150 734
409 166
197 707
468 469
402 579
467 274
197 986
50 693
300 817
108 224
345 810
96 720
165 132
380 400
394 609
467 350
307 366
346 866
62 554
162 108
347 923
352 189
279 902
32 841
232 893
103 964
371 118
4 19
245 953
325 588
266 562
451 984
379 912
290 679
267 893
42 69
141 40
102 420
484 319
101 418
10 568
455 21
97 122
152 60
11 679
140 559
417 565
438 546
322 966
194 709
68 452
417 752
8 609
138 326
350 382
480 247
392 34
241 275
235 574
369 515
405 206
488 442
421 474
320 284
424 86
70 685
402 311
438 101
308 47
440 267
63 659
34 928
196 219
372 838
445 649
391 369
169 470
129 756
144 265
164 222
305 337
381 262
419 670
391 141
465 971
475 460
57 998
230 142
344 554
474 679
140 341
129 380
177 70
8 485
92 498
410 161
417 751
188 329
256 384
276 671
235 570
4 120
486 438
249 112
87 977
431 301
142 64
332 391
335 184
433 238
295 620
407 748
81 168
2 396
498 358
430 804
242 703
275 87
449 837
374 374
276 390
224 528
297 283
191 551
414 954
163 389
424 201
179 407
411 92
200 209
407 688
365 426
139 497
363 666
493 473
334 9
61 202
285 953
127 654
39 558
286 725
251 405
170 927
353 875
124 298
341 136
1 286
464 811
480 351
332 320
188 675
461 408
493 93
105 791
338 881
384 651
119 880
308 747
175 71
2 967
305 835
46 7
11 183
324 703
351 866
271 209
477 195
494 43
384 174
201 954
384 323
69 615
217 773
435 505
258 560
302 275
296 951
226 816
116 69
108 692
202 378
292 885
56 368
82 626
450 831
344 51
439 230
114 849
412 26
255 766
223 676
336 936
383 398
51 18
410 214
425 148
319 263
66 133
373 420
280 486
435 718
99 848
354 896
484 993
172 696
417 707
90 817
132 165
72 200
442 230
272 243
290 287
48 96
254 896
252 925
285 494
219 924
17 44
197 810
211 767
261 415
93 271
95 504
55 490
45 812
385 459
262 436
92 331
107 959
271 47
305 348
164 299
211 345
479 28
20 275
38 436
311 479
14 258
155 609
145 216
45 731
352 713
388 425
127 354
43 202
94 848
288 969
162 859
221 540
353 354
91 253
350 343
287 224
133 468
168 892
117 958
112 957
375 392
142 961
330 203
200 610
455 565
246 260
431 216
358 647
298 37
90 518
134 608
215 953
193 558
251 697
24 412
422 922
472 57
196 149
313 271
326 239
109 854
97 740
494 954
295 232
195 718
449 503
55 432
492 475
231 183
201 791
129 283
214 98
190 731
206 981
294 797
429 184
372 530
50 586
51 199
338 136
287 267
48 528
453 790
43 335
38 623
64 759
301 889
62 460
399 367
312 801
430 29
153 439
14 873
226 862
175 625
361 935
271 951
483 961
39 738
462 346
431 623
337 305
315 560
138 418
423 76
298 73
256 296
474 570
128 91
459 680
346 752
66 941
134 263
298 594
166 877
339 759
250 854
197 789
356 168
176 418
148 898
469 381
210 468
200 346
301 785
339 576
183 874
491 433
389 557
22 338
93 350
433 860
358 380
339 155
284 200
281 645
479 569
75 428
104 499
203 39
442 785
329 438
483 65
39 501
340 416
129 923
488 149
299 907
143 498
102 466
26 384
389 18
83 522
317 271
463 117
455 425
186 86
448 505
414 780
141 431
46 352
313 731
161 739
59 426
19 895
80 675
491 296
464 195
181 580
112 622
379 361
297 479
455 69
130 674
319 180
367 480
91 38
212 267
290 735
200 146
419 955
312 318
190 289
143 334
220 495
323 9
155 583
327 451
197 120
22 425
146 808
348 944
84 841
416 618
267 225
274 835
74 990
322 819
312 26
320 333
202 252
65 615
467 679
86 859
117 478
220 590
20 752
84 854
157 521
32 298
321 681
469 460
430 9
314 722
416 251
297 590
423 690
136 978
133 858
339 656
247 616
72 425
473 109
335 676
233 71
311 401
124 48
233 262
263 643
476 691
203 485
400 705
132 649
279 984
143 871
289 833
70 933
70 233
408 821
33 216
457 641
259 840
183 117
418 450
106 525
176 741
85 559
327 88
441 361
489 410
93 550
131 352
399 221
262 511
174 610
406 179
301 314
95 255
254 761
172 734
247 910
266 777
41 617
105 345
145 755
408 920
292 503
235 907
265 968
304 803
454 44
247 77
492 327
183 798
395 91
476 562
33 286
82 519
496 580
325 822
137 150
231 994
384 419
228 468
297 127
140 309
377 698
482 621
14 386
443 812
103 603
176 656
32 765
372 879
281 983
449 133
296 331
30 999
456 762
373 201
343 41
395 349
443 228
336 797
180 586
207 227
289 497
417 934
410 924
369 584
332 834
268 863
295 777
129 192
468 74
500 314
274 215
139 826
95 834
402 555
254 256
487 321
231 126
248 822
280 34
19 484
31 525
138 99
294 360
69 181
289 213
36 985
254 151
429 302
345 29
66 120
59 346
83 263
117 617
207 246
53 223
219 81
360 457
247 667
12 648
68 694
159 274
241 356
473 979
38 919
187 636
354 916
444 274
171 109
44 338
240 638
463 156
350 696
247 341
419 893
425 370
331 43
30 506
439 381
140 523
416 478
482 255
316 407
280 616
216 730
16 810
353 632
198 816
238 305
261 434
238 74
34 485
10 964
189 627
323 674
458 533
1 594
201 567
142 256
196 411
92 424
372 560
156 899
7 723
393 467
74 839
460 778
131 577
242 776
368 207
415 124
453 923
444 541
21 795
83 633
380 91
160 301
201 660
320 310
394 718
342 632
301 668
334 541
263 695
109 920
136 358
36 658
141 836
76 709
229 243
222 976
239 16
461 362
390 494
117 10
154 176
24 366
199 881
46 634
235 46
377 956
41 503
410 638
331 41
483 843
51 455
245 694
242 11
285 495
308 527
382 879
108 329
365 126
163 679
277 139
179 766
328 564
466 610
22 926
318 1
196 39
319 128
399 162
148 59
374 172
391 231
321 765
63 874
236 648
230 877
344 262
178 688
160 543
471 959
258 891
228 412
159 49
275 661
300 798
169 304
147 752
54 692
469 787
156 665
261 164
111 835
125 324
144 803
320 47
258 375
36 405
170 59
372 441
64 71
360 984
383 122
275 949
317 240
426 571
243 489
440 649
159 690
370 309
246 335
167 346
165 761
174 540
282 956
211 206
244 685
127 74
84 514
380 361
341 50
392 171
7 591
97 273
98 889
389 704
176 597
47 369
208 29
486 408
224 818
36 153
243 71
445 226
324 944
29 173
462 610
400 452
84 381
396 554
327 728
60 271
149 668
287 92
44 939
223 320
216 746
459 514
165 181
491 33
216 34
6 992
387 649
312 477
207 658
325 133
386 744
394 968
406 252
163 915
432 28
396 629
428 774
236 569
485 976
75 590
164 106
79 708
1 278
93 584
96 222
481 1
456 319
199 796
442 517
131 589
346 680
119 119
131 165
144 22
87 727
270 499
23 639
196 935
59 386
40 76
494 498
14 504
393 152
115 955
314 24
131 451
127 285
139 382
311 575
137 161
32 250
53 862
245 578
21 34
494 867
11 760
438 373
221 408
157 944
418 917
66 796
87 30
493 549
464 210
17 53
388 929
252 210
462 984
4 25
202 861
378 3
235 181
183 128
383 299
150 481
412 121
301 786
103 131
104 255
238 130
52 414
18 319
50 510
103 209
29 478
336 16
386 82
5 619
350 505
226 647
151 626
269 280
343 104
500 757
260 732
437 175
476 330
397 283
175 670
446 617
79 665
197 59
406 934
480 625
475 178
464 276
342 20
493 75
77 793
44 955
363 850
101 417
179 170
79 53
14 219
29 719
128 241
82 365
200 241
79 721
225 978
23 668
279 845
152 151
179 354
24 964
32 28
139 824
267 765
63 516
96 532
219 604
16 22
200 968
433 690
164 161
453 434
13 118
232 135
450 735
44 917
105 305
485 527
485 940
140 571
332 449
320 761
251 793
268 752
9 714
148 818
86 474
338 233
257 577
34 162
120 946
397 609
237 458
83 621
248 509
223 45
320 213
299 603
427 76
468 104
383 108
59 168
101 620
317 527
295 350
236 581
28 943
450 414
18 719
397 661
297 778
464 498
442 286
481 833
110 981
259 445
176 773
254 900
261 135
81 861
419 93
23 288
71 391
206 317
295 736
335 311
134 732
334 474
62 36
489 771
300 774
238 303
230 919
266 415
218 986
383 474
64 350
422 259
50 922
425 924
399 44
215 12
293 859
329 677
224 185
123 281
293 221
96 670
64 408
231 191
224 415
462 302
152 784
435 15
291 672
392 542
40 836
27 283
208 383
203 972
492 803
253 76
485 60
478 699
413 689
192 791
327 860
351 673
355 412
170 154
260 513
451 168
481 584
135 188
381 31
265 686
342 620
492 875
104 65
355 934
499 330
101 548
443 802
374 148
487 371
412 823
448 52
165 964
398 720
312 104
106 733
86 844
466 946
27 711
211 444
456 149
489 323
52 112
88 457
74 142
117 450
49 939
482 402
159 785
415 956
5 181
49 455
220 324
308 982
484 926
232 679
265 282
463 939
42 674
306 8
324 72
29 724
412 504
56 411
312 416
408 195
500 190
241 134
319 241
492 279
131 178
392 753
325 964
57 876
482 738
46 377
251 512
187 224
438 829
461 431
297 32
433 926
22 368
242 442
488 400
91 511
109 435
16 385
169 220
283 948
150 889
50 522
472 200
308 29
274 771
53 550
41 809
30 758
441 341
212 90
391 235
391 468
234 439
258 264
120 536
173 788
466 486
396 604
430 568
18 644
405 729
288 823
497 547
151 880
265 740
179 224
215 409
434 831
229 248
376 582
27 330
440 684
295 433
258 519
58 206
199 389
491 951
186 580
141 743
36 679
178 510
467 258
173 746
170 864
459 998
456 802
261 410
242 811
373 483
414 970
348 172
177 8
99 157
171 883
8 52
338 354
466 906
36 345
232 231
37 951
391 599
384 358
451 814
492 931
343 627
203 559
243 682
230 525
169 220
159 533
87 362
387 456
364 728
106 373
385 311
417 363
438 277
215 648
17 745
283 154
454 241
64 460
51 878
117 691
318 483
471 602
193 954
72 194
206 856
302 734
415 826
180 726
187 335
497 113
134 560
189 249
165 942
235 282
301 834
277 772
266 675
221 825
399 267
390 128
273 947
310 323
131 848
373 550
295 86
413 393
38 317
468 336
309 192
355 673
277 549
404 990
212 226
394 283
68 973
124 938
448 736
151 237
365 842
28 164
130 689
249 400
186 998
90 655
357 466
92 481
90 720
101 850
157 490
39 953
285 137
469 424
291 967
446 613
168 432
125 88
199 312
84 782
362 286
281 797
190 81
214 825
73 970
492 47
313 523
70 385
230 518
375 737
4 1
109 785
456 472
128 889
383 739
98 154
69 250
176 244
96 903
125 563
386 83
345 95
298 995
165 331
70 36
201 150
193 973
426 129
99 980
181 793
469 763
71 173
140 428
163 58
466 339
221 285
408 771
448 392
71 124
439 281
462 308
290 823
106 563
280 455
254 363
144 142
422 255
116 695
395 515
41 728
405 342
338 320
79 211
1 227
30 902
499 226
157 645
472 268
400 764
118 609
376 261
129 865
309 864
407 312
409 672
364 557
120 710
36 500
365 738
224 704
484 399
359 893
128 751
22 117
334 879
454 176
439 475
124 546
143 317
489 656
354 914
131 739
496 253
84 160
215 849
482 583
112 1
326 515
138 794
396 353
150 524
203 708
407 732
441 353
39 886
202 326
87 25
58 584
20 859
472 838
375 735
157 976
3 635
40 60
476 335
302 617
153 91
41 261
37 689
1 109
291 155
23 124
292 645
41 757
393 958
98 108
381 284
278 882
116 774
45 231
185 397
129 598
365 53
280 395
145 928
474 455
96 253
222 424
176 647
497 810
419 296
420 283
25 544
162 886
124 201
109 238
370 165
247 941
142 193
296 173
498 963
18 687
260 619
173 35
436 62
252 879
309 929
500 107
390 260
35 460
302 780
440 791
123 285
477 345
52 304
297 93
193 770
235 453
299 237
78 500
96 83
351 756
415 455
460 900
280 567
111 196
299 615
274 35
59 31
355 625
265 25
91 457
81 947
143 289
64 940
243 405
398 132
90 584
267 252
26 413
96 65
12 38
475 195
447 922
123 139
366 20
364 308
86 538
307 560
44 315
84 30
35 532
381 491
410 629
262 80
21 439
458 50
152 817
293 15
127 140
442 39
244 819
103 113
486 575
2 601
156 538
63 966
190 938
371 440
269 505
211 401
296 970
277 443
354 718
394 115
83 809
241 789
139 966
343 249
364 850
323 220
142 319
308 673
471 647
185 649
41 949
328 65
377 502
258 396
158 45
289 384
145 624
499 445
413 757
119 299
354 841
254 267
454 674
35 929
316 419
198 488
117 584
201 695
47 267
92 219
51 454
399 485
246 714
185 917
184 376
107 695
194 533
266 285
152 435
137 821
152 54
275 717
300 388
95 228
226 537
264 386
43 257
51 395
151 711
95 351
247 358
393 110
450 182
319 979
84 322
110 446
311 551
107 94
380 223
414 375
130 15
281 64
17 582
482 864
490 519
12 819
345 824
199 63
292 244
435 212
278 942
125 747
421 647
339 237
324 2
201 928
343 678
176 886
377 748
264 262
157 241
12 551
208 854
157 386
450 447
192 312
246 488
31 980
247 350
174 225
120 365
140 991
282 470
237 106
243 588
216 964
215 255
161 709
47 40
4 688
258 718
122 767
144 40
11 409
79 404
377 835
399 464
361 445
193 607
311 679
380 662
458 659
488 671
348 148
450 398
455 888
111 794
318 762
184 30
194 379
310 521
396 2
47 874
325 17
389 808
235 250
106 42
92 346
203 570
188 885
329 295
64 218
5 843
395 408
222 778
80 313
200 684
42 822
164 293
443 443
282 459
404 397
386 527
51 569
386 72
351 398
204 756
288 454
304 73
226 209
367 955
344 643
74 615
115 623
28 999
261 308
153 54
167 855
401 431
218 953
124 497
265 794
383 86
265 221
167 124
243 134
369 355
34 882
86 1000
405 358
404 161
467 203
76 450
235 824
313 256
75 896
409 900
151 174
354 546
235 614
88 443
365 846
38 888
376 85
226 800
26 442
272 835
390 800
229 615
41 129
236 323
50 881
261 147
485 500
286 219
114 882
159 447
305 401
324 819
463 156
80 942
82 452
24 892
266 852
350 181
309 825
496 376
444 393
68 764
266 963
365 72
492 976
70 752
30 320
397 67
34 472
338 628
470 426
341 862
238 118
317 51
250 896
371 206
465 538
15 320
19 683
192 656
32 1000
78 782
33 514
175 370
34 560
215 256
109 30
45 391
359 670
33 866
404 951
387 31
192 195
188 350
291 173
120 180
140 530
39 929
365 359
224 118
214 652
331 267
444 160
482 944
284 429
38 3
301 597
218 417
417 20
436 896
423 408
447 204
293 759
374 320
299 624
395 56
68 365
101 69
407 870
138 177
346 322
436 107
258 66
55 517
2 54
244 732
10 292
387 408
410 654
137 53
435 308
452 48
428 89
43 38
257 146
255 562
284 357
394 29
354 822
270 907
17 40
426 907
405 890
439 592
283 727
145 262
92 803
375 78
35 763
4 358
11 132
287 458
479 318
218 888
187 954
451 979
138 338
95 901
252 193
14 139
114 571
119 52
151 429
91 482
37 400
164 876
404 434
140 579
183 838
240 771
149 781
170 12
486 389
500 234
254 657
10 858
276 321
341 263
247 435
50 715
489 26
35 481
37 590
433 523
359 324
194 39
389 248
411 944
284 104
452 162
299 131
2 141
252 657
393 238
309 300
344 890
320 280
230 797
229 295
234 707
308 729
77 20
347 298
410 989
434 11
94 676
409 157
318 732
428 340
26 827
20 361
315 936
366 578
459 952
325 174
95 506
237 83
21 546
450 731
119 556
473 951
172 506
285 978
234 31
100 673
484 76
357 185
488 666
137 881
463 274
193 778
248 578
299 733
490 185
186 811
402 636
83 771
225 114
194 223
206 789
241 736
182 74
283 500
371 19
252 460
154 362
224 891
409 233
249 28
13 8
69 267
144 111
352 399
465 468
422 222
174 343
427 457
30 877
55 194
189 50
269 900
437 321
371 385
10 905
484 938
484 56
96 682
139 443
275 307
328 810
49 766
62 454
141 309
107 276
489 620
344 934
85 327
118 224
305 901
163 376
344 438
97 641
62 640
436 754
489 816
422 811
376 272
474 463
276 539
57 569
352 289
225 432
75 183
303 876
259 702
232 550
40 816
178 811
49 350
32 514
2 485
419 414
263 386
230 837
131 476
52 554
9 409
205 960
183 988
230 128
452 749
261 453
424 673
85 814
397 483
101 780
265 491
287 68
361 614
367 391
147 759
436 232
275 349
299 286
67 732
169 259
433 696
279 995
26 687
40 705
471 639
305 31
102 249
398 957
42 228
135 364
136 572
314 411
63 172
42 297
253 329
487 820
202 593
224 674
475 549
369 742
159 579
287 565
247 23
152 233
8 122
467 45
85 875
192 563
272 870
420 3
409 394
188 868
354 952
326 104
350 24
191 915
104 758
371 100
69 389
318 319
445 890
316 610
390 245
375 735
291 596
364 762
344 160
303 427
473 211
223 790
364 426
262 257
279 560
364 405
82 700
226 377
333 52
45 891
321 497
232 640
104 196
290 55
310 402
198 25
401 972
5 355
340 914
134 231
107 298
488 440
474 387
77 533
409 54
233 304
319 63
33 262
414 449
25 17
162 904
140 925
267 763
11 241
76 121
459 343
341 210
250 213
73 658
368 956
200 274
446 616
435 384
80 625
218 56
151 602
432 834
157 897
266 806
492 846
172 62
221 63
489 699
302 387
78 34
462 246
260 15
427 484
426 211
39 649
267 419
231 649
26 601
145 443
271 23
490 83
210 761
236 368
314 626
280 979
365 882
54 42
126 278
171 452
391 376
376 598
142 329
473 117
289 692
333 804
25 957
152 56
139 322
188 202
372 785
36 662
451 810
138 722
400 990
88 880
368 256
422 399
374 43
106 319
140 140
315 956
254 153
450 221
286 626
289 781
244 127
138 153
260 275
109 628
206 471
337 784
37 2
108 253
56 743
268 223
241 56
216 147
442 778
196 617
416 632
388 57
34 532
371 599
87 508
390 609
423 274
26 299
183 614
432 632
71 7
120 844
56 96
28 592
367 696
26 942
172 612
395 949
369 577
429 495
405 589
275 17
456 341
443 146
302 101
221 672
24 643
466 160
298 692
76 244
326 699
220 242
332 615
323 650
134 765
29 688
325 838
119 940
1 315
165 702
261 85
135 85
79 617
131 425
247 357
50 327
377 44
274 918
84 1000
249 88
236 993
336 147
368 192
146 433
241 761
374 924
301 433
202 782
191 59
349 320
358 914
404 33
404 610
400 26
293 439
115 159
412 155
424 496
158 130
376 593
188 177
311 663
105 622
246 181
37 25
110 109
496 963
493 290
475 742
63 973
159 685
395 799
82 541
159 407
30 141
197 948
76 218
360 118
230 374
191 664
352 801
348 944
164 721
468 298
21 710
369 985
361 729
464 375
261 830
316 744
424 559
62 834
194 540
158 376
140 256
61 887
165 301
181 328
7 106
119 224
426 948
447 476
148 179
261 297
454 703
386 418
457 267
21 787
325 120
287 878
170 380
481 244
456 133
476 655
344 961
493 973
135 584
70 447
211 188
24 939
456 463
79 767
117 454
191 79
74 469
13 184
368 939
333 94
68 599
317 899
368 59
310 721
116 672
296 18
383 915
392 182
320 646
318 709
299 858
325 21
4 955
118 974
352 364
442 836
29 165
199 693
179 98
281 844
360 966
99 661
403 136
265 409
121 645
475 53
308 526
201 358
1 411
68 512
447 471
125 71
232 990
372 21
16 245
60 525
348 610
434 503
384 635
447 206
496 619
406 190
87 50
237 106
209 596
6 253
88 549
100 903
253 627
263 450
296 517
290 614
387 442
436 490
114 45
306 427
32 584
415 170
489 335
375 785
297 430
95 470
148 269
385 940
263 859
320 206
270 705
252 765
274 768
227 452
252 5
6 434
182 20
486 391
6 596
197 883
457 529
181 787
110 311
363 757
155 630
367 399
171 913
56 835
96 747
374 878
403 4
115 552
350 104
123 606
269 593
113 391
136 206
323 716
128 668
213 204
148 44
17 190
334 93
379 184
430 540
197 71
6 305
498 848
231 635
242 455
319 630
333 806
111 165
29 657
230 875
485 95
183 670
292 163
236 670
33 907
412 466
428 225
178 484
81 425
46 646
243 930
103 92
432 592
109 804
291 361
389 316
290 751
260 699
201 254
260 451
91 374
201 5
15 882
478 429
197 818
74 95
242 911
210 907
86 949
187 221
281 165
181 384
108 228
366 91
200 518
199 252
295 919
214 565
158 244
35 573
439 837
48 568
304 629
367 545
35 885
389 671
423 830
89 549
483 317
49 127
462 364
485 202
382 847
390 787
469 325
421 891
33 792
295 649
207 437
211 560
83 303
50 106
53 697
274 62
23 84
382 622
141 320
225 740
261 502
462 166
277 29
115 207
273 195
96 312
181 39
17 279
170 917
30 871
28 233
267 784
204 559
157 16
307 34
364 386
135 964
149 663
428 150
469 354
317 368
95 463
204 27
238 111
32 173
446 541
114 253
241 53
102 511
261 910
278 42
57 901
271 512
232 700
147 830
477 11
355 62
351 702
402 113
162 238
5 720
474 85
296 228
312 820
321 212
303 135
324 232
65 660
343 700
246 559
179 335
340 98
210 300
288 787
418 592
324 926
25 13
9 933
43 215
163 813
370 438
451 915
160 843
323 815
14 582
252 288
214 511
333 151
270 75
319 944
75 185
293 983
93 942
276 143
37 926
226 841
283 164
360 171
486 4
408 831
120 183
102 21
394 631
401 251
22 419
112 788
183 196
116 527
39 433
487 3
144 121
3 255
465 176
478 750
449 963
304 714
292 31
135 128
73 782
439 22
288 28
126 864
229 513
482 224
65 616
377 959
175 752
435 415
153 920
278 660
147 552
366 787
264 157
484 672
325 710
173 862
451 941
114 947
453 448
450 50
433 121
242 389
229 586
341 834
413 421
24 141
427 259
359 447
63 795
304 342
437 277
7 789
495 95
316 437
7 897
221 523
241 852
99 364
284 48
442 727
415 366
199 58
317 923
222 104
354 215
44 57
144 396
255 58
5 467
263 430
27 643
207 245
415 915
292 117
335 378
373 926
121 485
384 970
293 505
500 245
131 658
408 897
400 939
330 309
127 535
11 719
133 823
119 592
485 684
384 39
290 8
404 808
133 240
110 134
315 549
180 670
187 868
87 103
104 594
362 887
378 979
374 255
393 461
417 18
78 273
500 522
309 650
215 60
346 833
470 965
60 791
123 956
182 556
369 610
408 168
351 287
70 521
221 919
288 397
131 989
118 528
19 814
500 207
91 378
256 198
348 575
382 247
329 526
109 476
263 818
144 591
401 246
384 79
414 54
84 126
266 352
396 34
114 628
419 400
296 307
459 775
347 236
390 124
473 581
290 810
301 983
324 909
95 810
294 847
337 628
462 34
133 428
38 878
213 603
338 606
161 702
383 974
399 917
141 216
335 863
382 15
74 362
248 59
353 877
181 983
434 841
87 87
18 384
231 654
267 308
13 14
231 427
20 242
157 281
101 897
176 198
142 51
431 602
361 793
272 351
418 920
404 54
301 374
81 700
31 152
252 238
112 11
385 962
462 458
369 848
296 968
56 954
157 614
207 279
89 286
320 214
316 57
167 786
202 871
123 632
59 205
205 817
92 28
448 564
401 543
234 675
356 580
246 41
310 135
335 666
345 300
408 996
178 532
276 253
64 369
84 517
265 613
114 165
283 384
152 496
93 153
13 673
203 239
159 453
391 16
431 730
454 945
321 536
482 751
431 367
381 854
79 234
434 912
294 795
38 56
64 174
126 911
222 682
436 567
79 725
483 695
474 64
490 526
214 451
195 323
463 201
360 356
364 208
254 909
318 914
122 68
232 719
457 179
168 775
370 77
465 938
270 581
164 722
479 859
188 972
457 664
425 755
193 332
337 941
138 614
50 194
86 868
274 634
336 123
183 414
271 865
149 715
232 818
459 226
391 952
214 803
436 622
392 955
251 54
31 715
168 305
72 468
89 488
15 200
385 808
88 994
386 147
176 528
484 53
408 951
452 164
441 801
436 548
233 195
356 218
161 890
226 999
335 191
349 847
426 471
286 642
263 600
143 563
390 857
477 904
18 506
29 441
121 524
289 300
71 258
79 567
41 368
290 448
201 355
493 218
308 585
93 929
111 250
222 32
346 31
220 25
350 426
10 149
181 919
463 468
287 857
172 271
467 599
174 907
399 272
96 761
448 757
152 781
293 351
215 668
9 153
58 273
227 639
462 241
190 935
222 149
357 398
372 80
268 343
288 602
376 23
488 988
232 212
181 509
492 312
234 397
446 640
203 8
491 306
439 20
391 374
198 175
440 220
93 403
288 438
342 795
373 311
176 763
456 21
191 234
417 163
304 803
402 682
163 93
46 210
172 680
401 275
356 113
293 352
4 464
438 734
179 183
153 305
152 837
325 264
62 972
68 866
163 824
29 858
315 362
18 367
377 531
475 526
222 269
391 220
221 142
307 158
207 502
237 564
356 83
415 102
273 315
200 613
304 747
350 445
97 917
88 185
486 7
278 96
425 449
271 943
273 670
390 719
398 456
472 112
177 494
477 774
370 287
93 987
364 979
297 109
50 831
198 537
380 122
382 192
194 198
456 337
206 401
56 432
360 484
159 901
485 643
136 528
460 719
53 732
497 585
212 521
47 680
312 686
153 316
266 638
51 564
31 379
18 37
349 625
461 299
158 276
101 765
191 692
20 108
173 56
309 677
72 201
291 776
418 824
82 847
14 267
158 330
336 740
419 939
184 474
9 582
84 812
61 443
83 139
356 526
272 95
82 327
500 909
85 166
63 144
463 857
387 222
470 18
2 484
35 50
421 164
36 515
382 477
118 380
160 820
109 941
27 914
354 118
22 22
299 172
247 157
5 612
89 495
42 882
381 676
276 436
257 958
15 250
179 704
470 865
373 696
251 897
37 969
340 596
342 692
168 80
299 911
166 726
124 319
32 451
155 235
200 279
332 896
408 213
468 548
35 378
118 573
86 906
260 946
239 351
269 149
456 915
303 79
320 704
474 540
159 453
257 545
114 884
157 99
84 562
424 297
443 679
165 805
287 447
144 695
433 632
250 867
331 204
134 492
90 401
230 17
243 656
418 918
274 443
421 766
476 426
88 400
44 720
223 520
52 505
126 223
53 38
447 701
257 213
389 446
279 563
422 683
168 27
84 363
384 732
452 337
346 973
452 1000
365 36
343 460
219 568
238 3
411 59
121 284
298 708
259 934
445 516
418 20
454 808
31 279
132 646
449 333
292 571
67 865
185 748
246 611
186 628
231 666
35 534
178 23
82 963
157 107
55 709
300 819
381 205
292 531
154 738
288 121
8 92
10 532
466 168
335 37
455 876
150 772
437 654
430 406
105 680
286 509
329 14
481 185
401 931
155 374
34 609
486 77
256 911
344 392
151 656
112 880
357 778
62 809
41 732
133 233
195 371
143 917
166 583
91 996
226 202
199 296
376 49
199 890
395 605
462 533
132 228
489 526
20 532
292 962
292 504
342 849
476 750
444 265
184 759
94 446
437 433
28 177
392 898
258 791
385 326
243 507
249 251
55 742
475 75
456 342
44 985
361 141
441 568
232 420
250 472
166 575
480 850
272 826
119 190
368 860
249 122
324 259
94 982
270 305
52 847
193 222
406 617
99 77
448 8
308 707
145 768
318 661
333 875
312 746
199 3
372 186
113 81
168 428
171 262
1 302
410 791
167 568
167 190
104 170
119 295
227 544
363 48
6 602
338 901
327 369
334 74
59 935
432 563
460 583
236 584
257 365
309 53
300 510
329 849
331 475
208 621
106 650
385 600
327 302
173 128
15 56
98 259
320 590
226 359
444 218
458 263
453 438
109 47
301 640
114 162
145 592
73 914
280 65
139 599
249 975
344 955
332 326
89 998
456 636
384 534
119 760
23 266
414 546
198 926
141 940
456 745
49 738
96 373
414 830
2 39
183 919
461 520
27 163
349 619
175 179
124 656
10 326
300 680
68 488
137 346
78 860
9 101
188 600
67 167
159 144
100 798
378 974
427 461
372 712
104 569
92 330
231 493
432 662
374 178
322 377
244 931
396 7
103 624
381 482
301 969
460 599
475 645
293 754
49 923
126 44
329 186
428 281
89 852
190 279
275 88
384 635
208 576
136 918
324 824
321 465
482 417
285 788
149 932
261 725
397 786
110 159
179 620
114 769
415 279
147 545
253 90
176 464
318 379
361 56
435 30
340 171
126 191
357 926
132 667
485 894
174 666
435 754
296 680
187 609
23 748
156 293
39 216
23 912
156 242
429 349
416 994
213 843
313 405
425 925
342 441
382 278
416 147
166 451
35 525
90 857
63 580
129 281
276 385
360 569
444 734
449 350
231 51
320 190
259 977
296 394
185 968
436 276
455 620
463 269
164 437
176 954
245 991
233 432
398 638
24 37
196 462
327 73
24 427
451 542
208 260
499 332
48 846
110 296
27 910
473 221
471 46
169 347
383 236
392 359
212 831
34 764
298 772
223 465
155 696
300 234
272 879
122 971
231 260
437 522
129 345
368 181
424 409
236 796
120 77
92 376
46 12
276 276
161 510
321 395
236 555
471 218
395 191
276 936
286 817
428 755
159 525
113 484
440 630
382 374
467 472
302 186
176 813
46 343
100 726
327 665
23 588
441 687
121 63
329 777
481 943
432 570
314 249
160 394
453 469
90 696
466 422
289 190
58 217
49 580
497 506
244 234
25 963
93 912
23 325
406 745
496 412
472 855
390 359
288 640
44 270
412 690
292 127
107 483
400 97
129 148
27 138
326 294
232 735
220 246
343 83
227 245
263 194
481 275
248 125
230 37
277 800
346 596
185 290
32 321
90 678
269 750
270 952
122 662
281 313
254 47
87 407
195 919
430 303
227 341
346 628
313 938
201 644
26 431
217 121
437 656
500 69
94 170
102 706
399 849
329 225
34 525
393 874
311 262
325 411
225 341
14 380
354 549
274 274
228 58
60 562
146 833
450 969
171 968
231 970
21 63
210 655
41 664
467 563
26 2
492 776
59 108
375 165
157 544
246 514
405 118
450 62
42 427
245 729
405 785
197 510
342 441
478 603
162 526
343 756
157 260
460 308
258 89
152 38
389 754
472 844
345 794
491 37
34 406
99 284
412 804
408 599
200 510
168 957
158 185
159 3
204 387
471 505
454 972
135 488
403 476
363 791
315 118
352 407
285 435
481 227
411 986
337 244
299 798
495 956
196 560
382 361
226 359
183 749
490 758
479 275
378 629
245 844
420 130
263 596
20 105
76 734
298 673
54 191
28 922
393 497
389 116
312 622
343 617
2 777
47 526
404 895
483 597
157 3
207 951
361 995
182 936
479 333
74 915
428 454
335 33
9 60
185 628
81 778
397 528
286 212
481 668
498 116
445 461
355 996
61 244
311 269
276 377
305 976
183 376
464 250
459 603
475 477
207 416
153 629
17 620
106 32
55 352
145 906
249 692
43 63
77 985
375 282
98 803
352 430
208 262
228 603
128 872
335 4
220 344
360 174
362 350
249 563
405 291
329 736
134 226
177 636
224 463
383 938
163 286
363 352
106 863
122 433
364 473
153 712
163 589
330 918
110 637
221 22
112 44
134 583
365 159
125 730
110 509
65 341
279 291
333 286
277 707
145 236
476 197
405 562
349 406
291 101
465 561
437 513
324 716
208 159
34 516
239 482
18 499
415 634
316 513
172 824
224 168
360 475
499 69
283 866
229 828
339 467
388 595
333 956
436 417
299 680
452 16
87 916
104 890
60 394
359 272
39 518
127 936
165 583
23 735
231 592
164 197
330 496
166 977
25 927
181 645
487 562
224 540
417 640
433 912
192 237
59 120
42 967
307 242
359 496
432 310
106 524
190 172
293 635
41 37
113 121
431 368
453 28
441 894
498 917
209 648
335 515
86 234
237 660
224 863
234 422
99 599
246 101
446 182
282 374
78 103
145 51
233 169
171 967
292 584
240 829
44 415
112 548
100 789
165 974
245 886
218 769
420 268
208 349
16 509
223 167
336 126
349 421
311 408
255 843
416 810
308 110
456 383
481 159
322 586
44 98
147 711
71 216
350 516
497 946
89 208
102 207
160 754
205 983
458 757
111 552
14 162
315 849
108 799
462 678
496 119
79 651
77 282
385 180
334 863
331 925
261 415
241 189
425 99
178 913
446 433
249 494
78 162
355 22
30 152
441 167
85 46
190 832
92 856
84 45
339 598
148 901
71 274
326 779
25 434
106 202
382 730
43 572
51 794
438 956
198 776
407 427
417 255
246 728
424 232
192 467
394 632
331 916
396 778
111 679
344 422
118 499
87 491
131 196
241 968
55 101
462 553
108 761
238 24
61 780
176 523
65 70
478 341
479 824
288 695
179 26
95 959
23 572
448 329
320 972
409 990
449 487
307 675
464 443
422 795
205 780
92 151
124 517
436 493
410 138
206 639
446 228
246 334
75 5
334 710
214 549
375 859
278 571
400 109
424 247
297 240
388 408
325 854
387 138
332 89
423 954
250 236
196 733
252 298
52 806
216 105
213 542
215 40
413 393
42 439
70 455
216 653
380 232
435 144
476 835
485 752
462 24
161 189
277 885
398 763
105 334
207 603
121 537
295 620
442 113
412 721
16 848
358 332
56 403
389 75
73 177
43 339
259 684
87 747
101 835
455 570
405 535
95 67
306 156
10 151
169 778
360 628
240 413
356 429
347 194
28 89
464 540
376 97
458 389
83 700
448 704
488 254
74 775
39 369
200 992
470 881
382 254
378 607
56 405
438 558
63 997
332 330
263 267
177 970
419 485
310 923
430 884
48 743
179 239
144 997
103 373
151 683
13 595
367 954
143 47
283 265
31 92
224 556
420 672
97 62
486 666
139 597
491 967
16 429
272 998
349 984
111 899
215 660
282 906
99 437
440 605
400 21
259 343
500 841
482 337
146 174
183 748
47 148
139 49
492 633
353 246
307 905
457 370
415 309
322 947
289 977
293 773
52 995
239 501
329 496
61 815
20 569
287 669
418 151
251 265
135 602
370 61
5 880
167 89
497 356
479 829
258 965
377 56
260 514
411 440
323 218
369 698
244 368
484 716
311 654
33 649
130 745
487 573
376 342
102 401
461 388
86 554
233 410
396 621
104 834
163 382
465 710
218 777
366 153
215 832
122 786
27 343
416 165
352 868
223 802
259 314
367 218
424 704
119 559
190 446
151 139
367 440
416 988
216 814
153 974
101 778
461 522
67 619
190 894
61 314
28 548
160 644
298 592
219 984
424 44
431 705
493 310
344 309
439 612
339 143
238 271
244 202
305 310
395 559
475 660
159 473
140 181
467 407
58 413
417 522
99 505
123 615
284 386
396 343
475 991
127 997
168 410
198 640
45 983
45 978
16 584
404 951
321 612
135 890
280 513
212 493
468 127
102 824
161 871
240 244
104 772
488 184
124 457
230 979
170 380
155 427
116 481
42 782
239 529
452 351
120 188
446 963
264 405
37 20
59 894
345 301
81 220
394 944
469 635
91 229
155 653
424 427
69 631
495 580
433 469
341 548
221 127
210 882
91 684
426 858
431 582
393 994
266 374
418 20
128 865
179 980
38 266
420 538
224 171
173 850
388 743
24 746
20 946
312 555
228 546
370 268
224 919
482 83
196 818
426 197
317 994
409 481
71 996
7 520
191 4
430 447
424 975
320 408
244 723
240 638
364 425
302 608
476 890
227 752
315 216
155 692
7 566
413 868
111 163
185 637
334 890
72 349
72 333
113 40
342 700
197 443
327 529
484 279
411 334
423 304
170 9
210 223
427 518
235 324
422 629
482 424
344 822
386 418
468 834
155 880
357 44
409 97
315 912
282 417
350 91
84 628
254 716
454 550
96 480
171 459
175 340
330 850
134 183
375 335
425 733
494 369
286 852
208 153
439 408
122 661
101 394
401 732
199 169
154 99
327 15
465 231
219 783
421 691
140 285
493 436
127 135
82 987
185 146
480 980
249 625
266 853
263 401
354 280
276 208
376 100
151 144
309 953
470 222
351 155
357 672
139 945
433 687
364 182
169 649
26 600
134 785
341 871
193 971
299 520
129 522
283 986
429 517
379 825
322 538
12 258
37 745
429 902
76 349
222 906
39 6
130 621
157 354
39 796
2 117
380 819
115 111
370 229
8 245
299 398
46 850
397 679
189 903
231 2
196 625
33 78
190 259
488 309
59 179
152 980
399 553
117 435
158 981
235 733
29 600
178 346
12 895
328 907
381 939
325 526
107 564
310 659
275 679
317 742
415 813
268 511
44 686
318 438
429 222
37 442
156 319
34 227
73 647
