1000 5000 1
276 823 910
930 486 914
982 422 219
38 669 890
113 85 338
888 634 790
348 512 665
717 713 960
186 349 185
10 944 708
473 48 505
887 52 395
484 101 719
228 695 8
676 842 794
801 305 942
784 179 929
323 398 139
428 171 356
990 547 21
205 244 71
323 730 308
234 155 811
192 853 836
240 49 484
428 989 638
599 559 613
282 274 43
488 627 144
242 512 738
3 199 944
720 327 572
726 646 56
140 339 456
761 700 984
506 326 144
635 371 244
91 562 273
671 158 127
958 189 381
525 866 162
983 802 336
834 53 294
229 566 164
883 711 953
710 308 882
651 837 611
393 864 626
790 330 161
509 450 987
27 230 291
340 78 396
595 373 249
916 257 778
492 860 131
548 543 328
159 73 121
708 902 335
147 219 18
253 230 824
466 578 114
467 36 58
256 351 778
118 59 658
696 708 82
284 412 407
937 451 967
976 313 149
203 677 149
968 222 537
583 719 590
211 578 278
165 76 649
880 216 707
119 438 250
596 497 843
462 273 145
246 188 342
92 832 547
443 990 167
401 606 372
393 879 375
75 45 185
680 960 135
644 53 815
458 280 712
647 531 424
905 5 851
839 387 233
621 374 202
390 617 348
580 966 400
797 637 861
657 85 16
572 619 743
147 433 116
473 490 357
994 83 143
727 904 656
792 727 427
67 833 365
621 110 972
947 714 447
342 328 273
652 460 87
725 296 757
791 853 6
826 204 233
630 139 46
550 934 628
552 819 115
760 836 221
992 757 117
128 341 680
861 487 692
546 320 662
496 964 72
77 847 6
211 368 130
822 834 901
994 359 595
485 645 256
17 423 857
839 722 554
632 854 514
465 501 508
303 828 711
927 524 932
987 16 617
638 54 431
27 341 411
218 264 233
498 832 190
276 826 283
228 327 880
141 641 40
936 737 747
207 180 350
531 298 907
536 344 637
51 55 393
989 786 292
879 687 81
848 769 796
43 848 314
65 516 135
192 84 109
322 886 601
551 713 5
94 414 636
63 611 641
789 68 167
511 901 512
431 515 209
468 967 675
222 107 342
685 970 417
437 691 510
95 536 114
577 458 905
37 622 661
857 751 41
484 233 233
989 915 560
24 362 597
45 914 253
953 15 331
329 466 443
75 245 503
286 562 813
2 891 632
421 172 95
950 763 905
516 392 733
824 131 7
603 70 21
978 486 411
364 645 201
21 949 445
399 452 81
234 70 350
644 542 426
915 165 445
756 731 616
685 468 655
16 504 469
94 393 336
160 25 20
387 660 129
236 775 541
967 506 872
74 740 28
135 188 890
491 389 595
659 100 832
691 808 207
965 575 781
391 23 908
483 737 30
786 902 160
300 862 56
192 628 867
317 874 572
955 545 384
37 632 983
506 808 360
900 815 707
385 2 447
557 825 761
617 918 505
51 777 42
786 943 733
759 497 522
519 501 671
312 509 286
836 64 408
686 597 993
74 229 836
767 35 18
167 747 885
266 523 890
879 746 666
533 767 465
626 625 572
129 905 303
418 975 182
631 351 721
682 368 870
897 246 147
130 975 886
545 421 235
855 26 761
19 245 712
359 817 928
36 70 689
456 383 15
50 727 474
383 730 893
522 372 23
946 814 139
20 95 244
921 856 830
436 456 653
731 818 389
64 387 921
96 668 284
94 324 396
301 987 519
89 600 629
940 256 341
273 279 304
833 378 968
802 318 694
500 2 261
937 393 93
833 354 465
811 278 965
488 7 586
393 49 125
403 387 285
956 617 90
966 468 605
932 500 689
273 905 165
976 130 303
490 897 340
934 728 422
253 205 4
51 37 979
227 263 596
635 473 586
37 202 888
943 305 107
875 468 423
309 691 439
330 667 690
947 827 396
406 828 722
772 24 567
655 403 582
878 869 732
918 251 409
377 164 418
295 853 734
803 39 210
358 584 782
461 119 284
991 310 291
77 355 540
516 772 519
152 74 675
837 720 461
766 854 680
492 372 559
500 909 695
241 513 413
858 565 332
258 892 375
771 679 315
754 131 104
290 485 546
239 613 581
318 990 516
267 309 998
310 311 431
815 88 925
952 73 967
223 378 707
626 531 779
297 403 982
851 531 848
257 201 44
677 340 302
817 596 392
530 83 991
697 173 222
797 300 97
826 940 692
446 953 55
860 630 451
768 728 755
359 118 316
869 963 106
514 56 837
207 518 205
115 969 252
240 552 815
885 346 664
995 373 64
70 546 1000
988 107 319
679 810 338
877 685 902
970 701 735
716 68 492
708 496 733
281 745 359
814 6 208
701 778 212
825 208 784
948 977 813
274 763 379
738 269 77
469 412 778
518 260 402
412 701 106
698 547 297
799 474 904
409 181 457
402 391 305
607 408 212
55 434 696
826 605 938
840 77 315
184 835 100
40 682 126
255 401 170
899 873 806
441 837 400
725 814 966
355 460 899
142 699 577
241 853 28
524 562 162
878 183 528
92 320 492
805 585 452
360 338 174
657 14 404
215 604 536
267 407 256
402 477 770
176 967 995
960 611 768
906 629 352
41 357 471
305 654 1
519 532 759
761 420 15
136 419 292
445 924 378
933 431 939
413 731 820
425 753 970
140 897 786
287 545 242
416 930 672
801 719 542
70 454 295
261 182 579
990 909 58
979 74 951
80 504 532
586 679 696
169 107 441
864 699 73
916 145 583
630 132 594
624 392 123
382 628 752
340 376 141
562 220 100
115 143 354
760 336 479
208 835 269
563 594 84
891 507 23
422 500 235
350 395 826
155 547 486
816 222 466
558 808 331
810 464 861
155 966 763
779 674 504
746 603 266
471 901 755
228 139 522
173 912 317
491 887 40
677 559 747
735 327 781
376 183 421
93 200 140
651 266 795
323 838 574
861 416 967
820 203 534
871 508 212
31 747 866
349 606 953
400 605 91
947 397 747
672 749 789
693 522 402
484 538 466
355 542 794
180 234 40
596 535 772
452 56 998
909 128 974
839 993 657
943 58 376
455 739 772
665 896 658
157 770 721
607 190 375
954 985 463
985 690 972
1000 265 738
208 726 101
886 969 769
282 754 911
980 683 162
382 508 145
373 784 172
260 818 818
8 321 890
852 441 884
824 357 281
183 831 774
791 643 140
222 85 487
196 958 328
967 422 462
96 878 652
592 968 472
237 434 784
793 975 178
26 226 660
989 386 765
203 689 345
342 816 909
595 141 262
669 919 346
532 673 799
656 781 200
378 261 605
705 270 568
680 811 329
956 645 326
138 124 172
489 739 799
540 581 691
191 544 154
1 732 787
929 307 678
585 562 40
971 7 326
266 758 486
663 504 417
852 271 18
780 604 542
63 942 863
312 420 987
483 895 558
526 339 893
354 785 199
692 26 508
229 441 763
418 720 14
669 602 48
408 626 428
906 280 675
882 730 854
183 521 990
970 382 920
572 141 637
761 303 440
682 797 446
178 106 245
718 976 449
134 697 608
146 637 30
504 672 59
315 709 965
194 361 757
928 129 495
232 900 957
658 789 854
257 763 113
223 342 664
494 972 358
424 121 186
614 777 308
350 938 725
758 939 278
133 767 461
394 883 712
6 205 566
250 591 862
746 807 930
918 519 574
333 642 315
482 402 744
954 925 812
471 685 705
332 220 456
40 677 746
601 268 477
674 878 473
981 844 125
730 931 125
322 361 598
377 85 139
105 282 450
883 364 169
157 630 23
109 261 520
312 938 976
876 415 476
751 401 80
460 556 107
745 522 121
528 405 748
675 989 728
661 695 311
44 801 260
830 475 672
249 910 302
282 800 657
813 594 891
578 448 758
853 611 318
5 581 881
291 426 423
446 55 952
203 399 165
159 42 119
809 46 742
820 622 881
257 17 15
653 81 148
612 41 835
896 176 415
141 526 368
412 360 839
758 332 494
245 775 826
248 227 729
775 299 386
218 327 692
741 485 220
882 551 606
870 635 764
968 1000 17
165 412 193
446 480 93
457 166 704
890 874 781
96 595 274
97 646 768
6 680 365
38 968 932
363 732 364
694 69 461
648 274 872
6 514 106
130 203 550
901 999 29
168 241 656
583 367 550
401 689 555
957 410 916
977 418 224
727 900 773
45 545 349
519 246 704
910 851 763
121 548 386
188 217 364
389 746 524
55 692 587
668 176 652
74 405 502
65 607 134
877 864 675
226 810 136
254 24 478
729 804 695
490 158 158
982 373 448
493 372 210
563 204 363
789 892 7
450 135 915
814 699 720
421 158 865
605 126 466
527 34 413
430 429 361
760 397 284
364 266 403
893 343 50
621 932 642
429 607 115
181 319 750
900 109 990
144 710 950
728 513 973
185 502 728
179 481 584
225 659 296
923 499 280
375 49 500
273 702 712
956 47 584
941 152 490
283 882 728
361 702 262
859 625 564
524 537 457
113 799 794
307 922 660
485 76 633
304 107 16
265 116 349
552 391 454
818 957 738
34 990 306
661 128 568
253 594 472
611 54 161
651 320 467
481 412 49
947 854 568
536 297 116
713 297 284
827 913 686
525 996 77
226 848 730
967 536 359
420 729 453
723 170 167
387 116 6
740 95 139
878 208 485
990 63 736
530 484 292
846 219 386
830 339 412
484 990 802
259 416 282
375 15 32
860 448 411
966 553 203
439 557 720
832 481 701
705 344 991
584 57 398
248 771 811
76 276 527
624 666 762
704 371 419
465 669 54
376 640 697
201 753 417
457 573 896
883 312 899
393 304 295
266 720 439
881 529 937
691 638 529
901 739 934
975 563 187
209 753 678
618 29 287
270 277 215
732 401 885
901 292 899
77 291 8
812 287 884
832 33 583
676 705 397
415 556 335
906 245 350
364 90 562
417 938 99
20 559 670
890 510 821
789 343 134
522 243 450
888 988 129
636 257 8
559 354 615
56 19 237
687 602 400
197 446 750
307 207 92
872 730 220
382 159 318
596 747 597
338 491 402
369 316 483
770 729 676
50 993 891
850 814 545
902 85 822
616 956 801
26 623 355
201 558 725
741 598 227
404 12 70
798 589 170
80 469 624
984 975 543
39 485 141
516 763 770
978 941 478
235 389 685
491 632 938
384 291 125
837 730 810
847 86 84
41 576 366
883 541 37
320 201 607
70 531 455
269 381 584
235 578 219
759 703 794
143 46 186
968 376 572
300 115 301
211 604 182
739 909 11
223 272 753
934 851 541
917 368 976
729 278 767
218 43 158
64 770 216
965 301 244
62 291 750
688 232 141
926 36 547
702 767 288
496 880 736
290 68 219
454 706 460
613 841 376
884 626 377
717 298 542
376 368 951
577 666 114
542 979 394
692 392 528
526 103 799
789 142 739
857 844 609
805 575 244
378 787 351
157 17 306
958 266 68
26 618 735
719 191 560
5 433 836
401 196 57
715 923 905
465 152 781
760 890 759
194 772 304
323 321 604
216 729 116
568 647 899
305 629 581
169 966 372
10 757 208
2 591 158
501 596 864
776 520 729
744 578 789
668 862 152
413 778 903
89 812 217
627 804 58
610 316 511
559 104 405
40 643 569
288 679 516
333 43 459
185 228 619
948 487 813
137 578 746
277 468 12
742 924 136
387 894 590
685 896 493
936 443 635
347 242 237
974 306 300
251 881 698
300 356 775
233 495 691
201 175 493
930 33 650
274 308 362
797 738 376
222 38 709
27 96 160
692 916 187
94 251 278
322 641 7
722 178 395
873 235 221
525 843 766
904 703 27
361 807 790
478 467 296
355 903 837
501 657 312
40 678 687
647 230 894
175 669 413
725 389 516
954 902 892
231 386 129
654 814 55
868 99 25
808 214 956
941 866 68
688 285 710
559 550 595
59 774 660
631 822 968
823 167 878
644 108 120
893 125 911
907 692 288
450 388 566
984 704 119
417 844 67
356 728 87
267 301 956
736 655 28
499 139 121
675 353 376
741 998 15
522 698 524
426 107 844
830 446 830
121 606 338
941 115 988
357 36 237
917 193 157
66 22 463
222 826 63
731 392 862
843 481 705
894 750 648
501 481 104
239 192 77
514 557 839
888 438 949
95 286 236
354 246 691
258 351 113
139 996 210
357 512 420
642 971 733
548 367 710
65 289 969
494 261 826
11 546 945
754 393 473
820 690 336
505 371 179
805 228 76
313 304 928
3 60 314
366 797 52
366 574 571
722 588 72
321 703 251
206 584 471
664 520 136
350 578 576
450 782 320
127 309 191
765 199 615
41 706 620
327 574 973
997 176 763
441 246 185
640 70 563
67 686 506
110 114 465
296 929 704
790 624 123
862 518 495
28 132 971
257 443 915
531 596 483
561 259 871
89 972 614
107 889 699
518 752 25
290 154 555
334 716 481
606 742 110
53 104 406
841 715 799
229 736 979
420 368 907
387 78 47
852 705 314
592 984 808
233 35 551
714 730 926
40 623 81
193 86 197
584 621 232
929 861 352
392 917 708
820 905 578
727 626 415
864 883 376
698 723 173
890 139 776
437 440 194
545 561 669
174 757 165
96 831 988
130 406 529
985 36 839
442 521 409
704 838 523
159 82 816
688 493 488
948 221 908
910 739 831
719 576 574
182 465 17
135 365 990
198 988 929
757 794 445
695 644 683
417 915 957
76 123 151
808 780 691
729 920 967
666 320 922
772 446 864
571 471 143
483 754 448
193 667 766
347 43 837
881 873 567
984 173 631
836 583 358
94 968 691
24 843 545
181 698 328
998 762 420
378 825 863
429 164 152
63 576 764
868 707 495
108 594 81
784 12 208
481 383 742
34 372 621
834 838 301
504 763 557
780 259 186
419 977 647
730 528 550
937 907 592
624 558 131
152 895 309
922 930 596
980 788 963
211 118 372
819 361 27
583 108 999
344 247 902
624 40 818
875 503 451
706 551 397
303 438 250
826 276 824
729 473 12
208 945 753
3 649 726
64 811 971
987 603 315
209 218 860
633 12 791
939 261 688
120 857 657
668 16 377
830 784 68
447 432 962
829 949 76
994 303 139
864 863 114
415 285 321
583 230 377
880 69 282
520 444 644
861 940 751
233 228 658
1 148 343
422 458 279
464 682 565
32 570 659
875 832 972
213 661 949
374 921 438
317 827 763
704 507 56
704 526 503
468 456 203
905 776 96
89 383 761
476 355 128
900 523 71
303 145 603
142 235 883
71 919 262
815 534 491
525 115 894
817 80 521
536 485 779
619 494 157
812 17 890
421 310 930
17 35 341
215 272 277
634 678 333
1 289 589
690 893 554
197 149 897
573 290 987
9 946 536
815 255 823
816 205 185
267 947 628
495 347 638
347 872 306
166 139 349
367 902 629
902 650 23
38 252 174
784 672 766
317 214 187
352 632 77
476 137 959
336 772 931
609 741 732
409 683 780
79 844 350
914 834 38
140 569 823
587 267 650
72 116 310
366 970 702
967 433 303
363 82 432
489 272 766
29 412 590
165 512 211
44 911 424
558 421 321
602 394 54
283 713 442
252 75 191
149 475 748
619 903 553
67 900 588
660 348 877
914 793 655
841 983 495
913 408 139
539 529 379
639 22 544
437 814 660
268 218 634
286 479 316
963 922 83
891 500 456
1 69 78
689 27 272
305 420 806
715 224 409
532 947 836
841 24 157
300 197 515
462 572 38
783 539 787
589 35 351
353 933 958
31 289 318
423 100 251
563 620 65
701 181 369
147 427 777
516 153 93
551 943 964
496 245 173
785 456 972
97 477 436
418 339 361
242 247 492
646 588 579
44 889 611
304 354 842
84 612 932
578 160 243
183 556 104
474 745 350
360 318 181
495 268 846
152 531 177
182 81 717
477 574 654
492 465 363
461 617 637
276 839 224
13 391 836
93 323 437
483 777 206
243 401 957
225 443 220
654 414 658
544 682 541
171 74 282
855 236 475
384 312 216
391 58 245
181 774 920
706 830 491
179 471 195
675 598 684
344 24 786
818 43 735
932 100 674
351 378 222
637 916 310
797 327 858
153 991 395
837 708 804
565 224 611
485 150 356
483 644 436
396 318 28
2 16 116
98 67 886
772 245 645
503 587 474
187 401 293
931 651 600
850 257 2
27 770 351
757 69 468
569 521 56
354 765 101
945 906 944
854 200 865
452 403 998
665 889 355
532 597 58
396 681 297
473 253 828
991 486 190
171 360 83
918 76 104
827 205 890
765 741 451
931 929 380
657 895 317
745 607 882
129 443 909
894 258 485
574 979 19
848 226 529
831 507 859
880 414 257
242 885 646
218 259 535
411 948 446
891 274 443
167 437 826
166 72 24
965 20 974
112 238 479
473 741 738
88 560 547
844 708 45
768 828 869
892 430 632
548 714 722
822 77 243
299 32 155
596 663 441
503 675 586
671 195 140
145 33 235
685 974 291
382 204 813
312 281 415
78 855 420
933 91 41
906 723 997
498 883 25
370 198 748
350 507 286
890 265 811
387 819 114
945 58 486
449 866 889
499 341 832
449 117 943
208 500 879
711 339 81
597 503 907
309 37 120
473 388 238
954 548 801
104 712 668
626 76 338
671 376 37
932 164 189
966 648 247
791 110 64
557 116 858
470 72 870
810 87 829
457 991 445
203 226 50
253 863 347
521 729 782
148 798 366
898 28 840
552 425 65
638 12 234
508 841 502
402 696 201
805 878 148
211 740 826
711 314 266
209 748 196
380 486 767
846 338 746
22 994 991
390 963 967
612 76 337
426 472 401
932 508 809
510 454 972
510 199 24
943 496 435
230 93 813
502 422 245
687 539 402
620 901 830
916 994 529
137 858 645
618 613 978
490 546 195
79 961 187
379 492 217
597 461 832
212 451 895
491 916 7
695 809 830
515 401 381
310 177 362
431 771 245
13 257 532
986 598 598
107 338 158
699 41 979
487 539 634
246 625 678
11 105 516
754 209 431
262 301 435
958 47 361
387 258 851
985 249 240
663 227 721
597 528 487
782 264 137
439 446 286
460 942 72
469 195 158
188 850 310
949 586 719
375 824 157
623 877 99
417 708 526
823 587 195
57 21 736
758 155 795
121 955 367
500 341 571
507 348 743
37 177 85
602 219 116
867 58 910
812 863 741
702 907 186
337 428 208
424 360 748
868 743 370
5 588 360
753 99 350
293 395 318
767 260 323
508 924 251
73 53 879
796 851 750
877 451 916
192 254 142
573 969 493
596 753 484
97 321 405
421 274 369
975 391 416
282 982 545
344 72 266
750 808 675
310 828 166
467 43 984
435 111 919
375 366 538
70 576 71
903 551 889
648 591 627
551 267 985
505 506 736
369 782 367
293 67 603
664 84 185
519 594 263
596 942 133
943 928 506
761 493 723
682 839 728
848 40 622
433 990 215
551 883 54
772 802 536
333 684 666
63 966 455
951 682 813
811 627 263
767 252 888
317 349 675
519 890 739
213 331 994
948 661 520
387 216 468
782 471 321
128 227 425
346 203 279
675 537 389
921 24 926
812 99 693
908 108 161
398 201 690
936 302 993
789 237 734
47 183 171
306 902 975
649 609 196
267 171 964
336 5 63
272 222 3
907 351 553
948 214 331
113 95 828
445 821 238
206 301 914
467 129 451
740 194 757
870 100 392
513 235 268
842 86 408
575 952 889
913 228 163
572 426 460
829 695 246
385 576 451
48 362 491
416 817 524
680 56 657
284 865 563
217 178 316
932 488 848
796 755 348
828 578 117
539 937 603
593 35 429
300 908 823
270 428 856
587 198 257
496 466 305
590 639 69
173 539 298
151 242 53
979 751 345
16 175 110
809 442 874
338 184 601
730 593 463
304 641 146
265 910 551
217 974 712
431 761 147
16 560 159
668 717 168
332 28 157
756 235 284
680 259 260
442 64 283
912 404 686
795 150 950
86 68 645
897 989 690
923 788 178
311 158 678
395 761 193
613 914 387
593 745 200
298 800 253
967 153 218
199 150 407
990 37 393
182 912 394
424 1000 996
737 153 893
149 162 472
264 479 163
358 507 753
681 655 608
768 687 56
906 608 357
889 163 28
333 136 175
224 426 862
776 388 266
766 564 252
718 875 780
302 231 257
542 403 219
319 941 706
840 699 256
994 32 870
584 894 902
10 614 982
824 465 804
243 294 464
794 939 586
148 13 814
160 771 363
583 432 471
578 359 601
726 433 407
16 373 23
189 601 175
443 634 598
400 931 977
374 463 809
569 647 539
499 598 783
61 826 453
263 471 165
743 345 899
887 1 276
223 198 553
774 951 126
51 393 684
69 437 777
68 976 855
653 449 70
512 259 374
235 293 297
456 184 146
242 137 209
350 653 555
359 58 324
891 343 691
499 876 498
280 800 814
951 165 299
517 926 146
469 959 342
502 526 641
946 288 249
825 279 311
163 817 889
48 180 634
918 128 844
80 563 362
530 397 765
915 385 232
867 597 85
223 883 601
349 786 594
928 48 738
888 396 924
234 235 370
525 821 963
59 300 944
742 43 312
209 508 713
425 89 758
929 338 502
274 230 806
963 874 28
415 116 582
4 3 645
679 73 568
251 270 68
74 733 276
955 514 571
643 215 496
200 61 477
949 292 684
613 346 789
593 818 78
592 48 121
102 362 100
245 309 652
311 322 86
182 541 393
295 962 154
500 393 917
305 547 893
786 191 397
521 960 159
34 859 260
262 385 798
82 210 942
235 680 79
879 593 875
746 998 840
559 938 233
10 441 619
713 939 639
396 48 595
178 580 614
537 378 113
253 74 739
553 956 394
920 244 913
27 709 161
75 820 697
641 198 187
747 961 984
414 363 812
916 702 997
160 533 446
898 471 69
91 120 505
582 324 651
160 185 763
123 660 197
700 944 360
835 637 659
893 176 367
471 165 474
621 512 339
966 946 931
889 65 880
782 274 621
886 313 465
879 978 101
713 447 503
724 639 864
944 10 805
72 638 866
169 546 766
364 853 594
423 517 671
592 114 367
436 842 667
43 177 995
95 940 858
104 974 694
7 732 403
711 155 194
90 380 750
611 497 503
38 369 282
160 570 52
640 58 631
514 272 136
830 652 875
15 462 719
649 669 670
168 647 450
998 564 611
310 750 967
512 427 830
443 190 989
16 571 947
583 563 648
640 816 410
396 485 942
261 117 87
161 589 556
251 531 989
407 883 575
528 564 448
944 230 239
600 131 195
790 163 983
305 987 193
771 348 817
270 722 286
554 408 843
637 632 896
499 850 523
71 327 124
707 820 940
68 151 227
338 969 773
55 377 759
546 843 850
292 164 678
361 939 558
917 82 437
20 974 746
900 376 138
110 25 52
81 314 777
841 805 59
956 935 568
893 895 78
831 61 106
37 868 414
683 161 550
406 60 696
212 670 523
933 66 933
473 911 258
39 158 174
398 437 683
582 517 740
279 767 653
874 870 923
568 278 582
362 426 272
796 987 514
521 239 972
863 964 619
411 621 404
770 822 255
240 661 368
895 205 81
373 828 155
344 128 988
131 532 666
994 367 612
878 193 858
328 163 562
297 367 338
242 308 120
720 4 388
534 797 816
531 623 901
999 272 146
669 692 262
313 190 235
460 937 665
481 743 755
219 958 70
594 674 929
70 446 856
122 503 744
32 950 463
679 671 358
150 290 566
761 98 47
509 884 44
388 825 575
194 428 145
666 526 436
805 919 647
910 56 450
934 245 744
62 540 275
731 953 850
224 341 683
665 348 703
787 444 502
370 331 530
133 444 301
520 704 698
214 230 361
431 770 289
407 252 848
258 348 697
359 764 804
458 113 491
431 13 271
260 977 475
254 663 560
246 672 516
429 594 357
381 151 422
28 856 484
285 621 945
570 208 849
965 165 94
252 865 17
775 897 540
627 421 390
338 899 700
50 963 461
68 437 419
600 421 95
675 317 210
700 529 884
160 925 275
868 65 610
977 562 44
151 548 853
664 637 897
311 217 867
291 534 409
157 104 299
915 75 2
402 36 717
770 204 243
949 200 826
826 245 549
258 901 684
996 175 763
899 286 460
995 948 310
201 9 693
420 809 880
697 6 51
178 152 492
176 398 745
690 300 474
525 667 801
985 837 812
536 222 390
976 745 490
348 650 974
667 837 23
426 317 384
373 231 693
494 887 721
132 831 451
445 280 896
21 855 425
116 373 162
419 408 342
840 951 51
321 644 359
926 634 486
250 257 704
32 44 542
211 727 666
121 865 532
389 48 594
123 373 720
805 699 903
792 58 615
650 434 313
429 166 303
35 757 726
826 584 892
336 176 88
818 787 991
766 416 584
284 738 742
540 9 918
148 101 927
395 215 114
568 604 127
344 929 843
47 586 69
811 372 849
53 671 657
301 975 505
610 362 685
869 656 127
576 966 397
843 740 689
520 664 221
617 427 556
538 811 363
158 890 635
384 198 140
14 342 40
539 578 978
19 410 2
473 125 868
191 150 601
239 412 378
107 322 456
369 571 180
217 754 329
351 519 495
480 718 934
239 325 842
465 736 98
627 987 376
14 565 47
534 256 745
564 677 580
494 977 113
869 447 711
468 243 446
142 91 358
377 920 453
268 973 398
756 712 120
503 983 604
508 672 262
96 352 513
736 707 521
484 706 264
241 539 257
301 630 634
978 441 487
219 591 308
179 753 725
916 914 831
412 957 231
953 167 280
239 459 916
367 883 729
781 519 780
479 145 695
520 106 781
512 263 214
231 302 636
658 988 407
648 81 56
625 433 458
198 376 587
434 313 536
989 216 859
32 56 209
587 176 891
350 780 924
162 587 219
738 984 457
241 520 203
430 507 953
735 971 198
130 198 70
991 607 174
593 578 76
675 939 848
681 215 142
607 741 23
153 373 54
24 406 300
232 74 654
397 845 691
492 358 155
647 295 517
604 703 28
930 330 951
12 624 9
660 706 477
666 926 23
11 485 483
49 101 462
533 130 21
692 84 237
453 710 822
174 733 502
766 370 29
419 115 836
651 681 555
250 799 276
800 143 957
53 249 307
699 468 164
296 20 910
555 638 684
457 388 833
677 838 485
681 105 534
872 883 401
9 387 662
29 322 580
592 469 39
443 386 504
679 328 193
698 941 206
39 835 468
856 466 126
635 908 10
279 580 773
993 545 560
877 814 279
197 818 210
145 746 40
407 42 473
232 694 631
14 840 72
810 224 514
399 896 710
9 318 255
100 146 70
797 462 904
258 245 932
306 741 483
502 784 475
498 26 628
502 131 620
646 282 633
309 963 490
771 439 230
84 625 511
631 386 835
100 740 299
279 200 453
226 17 661
276 373 103
761 45 920
781 501 514
427 447 250
346 730 502
149 403 467
333 405 949
509 844 346
121 687 84
616 906 71
788 597 811
636 515 439
89 318 599
729 27 484
749 216 655
174 882 497
286 309 210
477 595 375
744 631 712
856 717 901
698 981 35
478 917 482
972 228 915
663 639 97
929 646 460
478 123 712
135 394 337
969 442 136
377 985 958
180 872 988
354 415 331
260 272 961
211 110 371
703 752 755
926 189 661
551 777 789
596 63 61
777 171 254
563 893 416
169 111 937
585 949 827
229 927 349
745 493 76
168 424 616
610 225 988
380 822 57
327 468 165
315 356 837
637 886 766
437 607 129
868 404 68
353 783 984
614 678 439
548 520 519
499 56 40
307 624 535
940 3 85
780 299 852
524 327 206
104 594 559
462 127 627
880 464 730
528 31 366
353 610 619
15 477 316
55 211 64
300 77 7
140 914 861
944 658 804
254 278 828
945 996 734
261 756 611
77 359 948
827 937 772
178 228 426
569 714 284
994 393 54
687 408 742
263 558 659
549 637 883
485 426 833
356 254 457
129 710 371
432 52 771
159 401 175
919 312 308
887 824 181
252 591 300
223 992 700
520 549 709
271 38 852
786 395 190
934 13 120
472 275 660
272 600 870
839 992 492
698 884 681
858 36 970
191 645 458
58 681 106
724 618 618
262 562 709
423 618 695
520 75 290
412 669 320
530 528 749
134 538 231
474 528 283
904 707 565
474 819 324
781 317 682
357 166 428
264 441 757
474 536 938
608 43 31
834 99 344
596 629 769
441 791 934
750 331 440
456 931 330
401 854 930
792 391 604
66 663 300
983 893 227
769 290 304
636 843 211
562 771 619
806 569 306
114 873 482
945 844 271
239 246 997
696 174 348
433 336 279
352 640 783
214 224 483
434 250 764
256 305 621
410 916 208
246 797 473
577 819 173
629 809 482
277 861 882
914 137 402
666 197 902
484 970 921
983 612 593
40 380 302
138 700 574
887 827 175
369 459 551
370 705 850
863 84 40
875 356 438
254 506 1
20 282 423
190 102 896
103 55 696
460 246 647
415 374 244
23 309 199
432 284 703
170 643 216
973 638 383
815 153 971
191 348 380
947 744 237
501 300 745
173 587 3
279 984 966
403 476 220
264 22 377
943 202 307
153 555 116
968 656 401
589 130 755
85 180 147
434 422 678
867 108 433
977 802 985
518 440 356
150 907 464
599 973 911
602 25 139
634 915 182
126 939 856
280 38 115
830 383 866
736 312 444
303 620 170
136 645 831
278 338 379
474 765 713
596 326 65
879 369 36
272 991 689
6 955 384
654 709 168
953 882 389
740 824 522
118 205 846
2 493 272
629 817 842
830 637 15
467 333 59
924 945 132
827 634 624
774 968 301
973 379 641
714 36 115
366 270 144
860 27 424
214 870 612
202 764 525
203 460 365
735 933 962
376 871 451
944 35 553
808 754 610
774 326 592
85 10 143
594 512 413
800 744 996
103 848 814
126 448 266
862 270 791
742 654 179
136 111 299
926 115 17
798 620 11
73 838 856
588 330 318
872 881 309
721 982 893
536 707 346
472 938 2
109 836 366
781 265 313
846 771 200
709 115 296
139 408 274
771 885 360
48 115 166
16 721 43
835 510 285
555 974 669
125 666 562
328 860 369
683 288 185
897 979 168
261 656 367
94 112 104
228 725 520
432 244 305
461 559 133
115 342 502
628 150 216
29 221 609
921 57 775
918 984 141
830 673 327
598 568 861
723 243 85
972 380 797
480 510 280
812 203 452
828 842 986
765 166 732
199 608 885
493 486 331
818 357 305
67 987 155
607 77 572
294 640 973
201 747 620
357 883 42
53 153 575
577 98 792
949 573 518
677 726 406
592 622 591
635 404 309
622 134 714
774 915 985
525 952 129
201 239 311
301 881 907
737 518 858
843 88 29
514 419 215
599 67 470
625 928 454
343 406 27
191 418 559
959 43 893
324 788 783
977 108 55
426 205 309
2 310 933
941 431 211
126 280 294
293 790 442
13 991 18
559 96 991
848 473 473
52 270 19
905 269 842
684 224 932
371 93 242
172 144 678
667 14 312
46 244 746
361 914 285
348 77 320
133 45 962
292 785 364
937 691 849
676 906 246
609 584 741
433 399 692
388 61 576
205 863 42
520 332 288
849 209 791
849 825 387
641 322 64
710 420 159
277 396 99
841 508 106
28 404 561
272 198 337
888 719 456
885 684 602
571 42 559
809 816 180
866 674 612
550 341 552
659 110 601
265 411 151
148 562 539
894 61 534
331 103 696
447 133 392
972 148 989
926 859 59
774 527 586
57 405 872
642 712 145
720 910 744
99 636 583
386 618 196
868 264 274
22 989 905
838 458 561
148 196 542
303 266 17
171 714 401
940 343 457
78 175 596
734 835 659
768 500 9
395 279 575
951 988 103
543 724 27
762 693 306
111 625 177
988 521 998
171 49 986
619 80 793
204 97 23
639 131 12
789 120 997
557 590 723
279 880 101
329 618 272
494 431 199
207 274 810
727 954 154
914 390 651
472 794 80
497 82 974
404 502 376
198 176 664
977 883 269
26 680 936
461 635 445
507 699 456
585 107 234
357 826 155
240 529 168
40 651 283
335 224 373
136 158 748
612 911 919
72 318 510
497 480 331
949 146 157
467 67 680
744 106 817
858 965 8
404 370 284
390 463 326
717 14 944
999 530 986
129 186 641
168 898 38
993 165 293
84 877 599
875 21 376
799 317 649
552 639 492
84 533 464
189 950 188
384 792 803
95 298 832
432 815 805
592 295 229
898 195 101
877 40 237
650 452 698
128 880 923
692 146 751
284 738 365
993 477 546
838 442 251
82 211 434
457 61 359
462 961 786
167 387 698
277 418 37
907 651 972
887 799 504
244 851 593
467 807 821
137 876 380
291 832 964
978 320 608
542 494 1
528 621 402
791 63 343
978 927 238
664 712 126
771 721 35
832 75 371
619 459 56
599 9 927
459 335 757
106 412 938
431 113 520
284 538 977
330 348 309
799 661 907
268 636 840
538 367 646
299 98 50
283 65 177
685 735 15
444 924 927
724 712 665
734 17 422
504 265 499
415 172 639
719 11 936
883 877 992
153 212 392
225 562 20
101 693 431
528 170 770
767 504 969
409 756 72
428 539 604
326 515 277
853 629 212
536 300 145
699 597 135
491 739 719
140 56 811
232 105 165
852 417 94
445 50 116
400 767 417
604 127 953
426 680 546
994 966 435
857 591 994
16 659 876
283 780 145
589 180 964
698 469 14
489 625 478
208 233 357
266 903 512
111 59 919
679 737 694
58 123 549
741 89 153
131 796 457
1 223 244
600 962 231
400 715 64
683 626 704
451 987 831
319 510 673
627 410 516
889 363 177
841 770 720
457 97 654
485 437 704
693 406 165
786 52 241
750 564 796
593 18 874
544 704 314
258 950 285
785 33 778
775 635 341
440 33 758
627 353 846
304 594 799
38 225 888
964 330 250
491 368 340
510 882 130
515 408 741
625 574 29
42 298 446
164 178 629
809 595 395
300 812 979
655 476 113
430 53 503
714 192 199
608 204 757
331 832 279
209 326 857
509 678 662
586 321 425
158 570 475
653 208 336
913 301 94
58 351 436
433 476 234
87 950 76
465 717 142
316 805 254
60 855 51
578 541 584
368 939 539
919 628 326
866 877 698
270 335 234
183 514 477
661 449 303
530 684 506
593 369 444
157 542 977
19 568 355
463 668 578
459 559 380
975 157 609
771 282 350
18 508 146
944 231 568
16 441 633
231 888 894
830 585 190
929 324 797
531 712 508
488 664 897
908 80 162
931 437 369
495 862 462
344 183 318
113 982 311
724 941 407
578 982 243
843 17 39
29 61 357
666 356 426
969 91 25
732 941 743
718 296 497
125 973 485
647 309 601
887 501 840
581 946 417
223 394 58
541 353 4
266 333 8
55 372 254
579 494 401
778 537 884
145 401 620
839 100 762
596 241 538
778 174 897
9 652 68
361 573 155
582 377 989
156 842 181
948 606 288
650 572 702
497 735 242
415 986 258
942 927 707
176 697 128
269 216 644
172 738 898
470 578 63
724 694 393
584 446 746
138 379 279
320 228 424
903 419 234
327 415 649
951 482 149
554 20 829
548 179 273
75 748 331
251 131 70
429 557 963
858 632 218
635 380 300
433 893 317
246 578 371
478 213 745
2 506 878
953 254 884
901 426 159
327 709 405
746 189 130
31 250 562
205 237 72
937 359 112
24 39 25
961 847 527
284 166 962
118 101 749
641 896 147
440 148 43
428 833 564
770 620 608
29 228 32
380 866 79
626 927 250
430 102 380
874 395 556
709 603 225
462 184 245
241 677 834
748 743 48
279 938 254
541 952 429
898 490 86
354 220 189
182 314 219
715 398 732
360 151 975
708 435 403
595 19 21
67 233 510
269 328 814
379 527 187
670 657 210
851 820 567
457 416 358
40 428 448
61 934 152
771 507 605
652 866 110
305 93 781
668 227 597
837 535 327
927 207 475
161 102 962
69 234 566
867 575 493
987 319 745
615 249 8
490 702 380
532 576 681
457 939 580
769 301 343
25 151 4
368 486 542
876 873 882
473 76 149
56 584 815
847 547 375
277 344 516
952 187 817
169 883 634
940 816 858
254 118 429
682 296 560
768 103 902
366 259 870
729 295 738
305 271 823
587 743 379
305 48 850
10 177 555
805 822 145
865 454 928
402 378 144
250 789 721
300 915 266
527 401 182
690 428 121
709 472 312
174 378 845
959 205 847
268 420 41
671 730 87
364 396 242
297 458 833
185 687 62
947 829 270
40 612 299
575 647 616
58 123 284
84 34 528
135 67 713
780 343 579
223 249 172
792 352 402
470 927 226
117 163 630
351 97 853
106 749 34
971 312 813
515 154 752
529 444 74
567 177 836
693 628 575
832 774 853
482 396 191
395 744 401
926 964 328
408 904 735
15 302 797
717 8 937
255 318 105
498 462 377
828 115 701
881 556 115
147 148 353
776 90 317
765 804 980
245 527 323
647 557 192
51 606 279
581 933 755
238 196 427
353 363 498
939 439 81
52 91 42
75 189 61
801 221 823
997 503 369
221 56 4
539 497 56
421 350 274
230 518 648
48 839 581
683 595 577
369 958 376
391 755 404
485 796 651
851 416 293
982 296 882
546 518 865
498 38 115
578 32 420
569 132 334
517 522 403
958 167 189
455 656 520
198 430 170
548 361 167
86 411 449
122 22 519
734 239 419
588 799 212
70 584 859
26 542 117
630 578 236
797 986 196
372 926 756
817 445 142
345 578 801
712 17 239
585 727 819
277 299 171
433 562 342
290 804 810
280 705 139
704 741 114
777 789 659
392 197 828
12 193 253
706 347 196
573 640 322
947 637 43
68 730 289
77 767 433
677 253 580
982 128 37
825 255 40
58 6 415
759 793 544
110 821 160
163 806 318
147 419 979
748 353 308
10 184 734
536 398 517
33 753 831
918 200 576
684 882 43
789 594 68
639 984 253
552 461 40
590 762 418
866 110 873
935 884 235
709 643 810
360 989 816
72 234 676
651 585 584
404 696 200
706 755 358
478 845 806
879 891 237
731 939 88
725 427 805
620 732 304
214 21 520
451 944 857
119 650 678
646 699 568
258 855 166
765 542 208
831 175 136
980 379 593
568 780 928
219 355 387
237 186 453
336 334 425
515 316 519
328 399 589
31 333 111
722 263 120
383 327 178
644 398 459
751 258 455
608 613 287
730 483 128
650 970 125
49 895 535
777 410 47
767 447 369
283 624 584
228 86 138
955 647 427
587 599 266
952 354 274
167 833 56
18 954 768
436 26 170
3 302 687
639 686 102
291 228 467
150 418 166
79 893 20
21 599 534
26 476 210
616 451 68
217 607 993
142 924 123
952 992 591
719 383 462
670 788 395
213 324 951
784 589 218
105 113 573
461 54 714
572 881 657
11 749 493
941 296 521
815 134 15
68 122 745
250 9 269
274 533 423
526 813 594
880 7 295
867 903 247
181 296 154
356 493 866
201 415 764
399 334 217
175 831 741
829 486 861
582 997 374
987 208 906
431 415 368
726 813 650
98 348 162
756 231 571
972 432 441
127 298 661
691 144 477
751 380 799
797 379 661
446 970 771
480 687 716
633 484 664
845 566 503
853 157 429
451 774 774
92 740 467
913 795 112
230 712 401
72 352 982
83 295 54
308 637 640
557 102 286
837 260 941
223 557 9
846 773 333
294 179 199
395 741 264
402 295 882
776 603 770
432 793 372
243 271 702
843 648 901
628 767 442
426 951 965
885 760 357
130 342 698
531 377 261
876 151 663
805 52 238
454 378 216
966 999 906
88 527 611
719 493 390
356 420 155
90 103 206
978 498 965
813 707 542
754 915 497
126 421 852
541 192 786
591 271 686
372 324 578
294 207 326
576 164 917
835 749 869
222 961 464
829 326 491
743 452 426
725 459 421
867 820 924
103 166 898
630 583 715
176 124 45
557 732 779
638 201 622
59 938 874
150 177 591
380 992 616
174 992 386
706 20 544
965 554 268
900 42 715
274 907 551
654 723 934
226 200 788
81 126 778
8 651 260
310 238 721
875 374 610
790 10 182
587 885 718
397 813 794
792 416 824
182 944 641
32 505 120
94 502 781
98 76 855
345 107 677
212 219 572
680 338 890
575 992 2
674 383 431
699 161 939
781 511 890
724 867 580
248 749 645
652 645 163
736 623 715
228 560 399
939 157 438
692 637 311
167 361 815
673 712 719
281 68 552
832 736 667
199 503 337
473 502 558
905 352 855
520 98 951
399 368 529
107 936 914
574 938 900
209 100 708
70 32 937
250 867 732
80 492 506
841 221 141
936 757 145
874 767 354
495 395 560
440 757 313
934 770 519
969 845 72
904 15 187
325 651 119
94 138 866
487 742 394
316 929 684
231 300 808
195 765 407
169 109 382
511 301 809
398 22 707
588 159 260
459 750 424
445 560 991
889 157 885
170 99 310
268 176 182
195 875 864
226 149 441
37 177 30
239 945 765
140 713 105
431 17 383
528 216 312
719 16 347
906 94 598
722 858 847
470 560 6
971 48 807
928 866 265
259 211 704
572 671 361
803 834 526
676 236 368
189 516 532
785 551 881
857 379 96
122 146 622
463 797 631
866 645 759
660 872 43
766 447 700
516 749 120
145 534 96
873 358 663
289 494 376
757 42 95
712 654 228
900 542 505
751 496 214
477 627 528
402 857 295
558 416 996
568 529 566
62 20 791
435 254 134
286 31 669
933 904 37
658 577 637
144 216 638
685 301 101
20 966 792
549 53 66
817 943 585
917 319 861
543 126 845
482 525 452
149 207 913
483 643 974
73 142 731
875 344 423
878 223 394
261 440 879
114 878 613
485 769 501
790 669 114
725 383 931
668 255 595
43 304 208
129 528 51
223 768 674
182 805 777
538 244 422
141 127 436
839 527 118
896 217 826
973 301 237
614 713 276
751 159 761
704 96 871
82 889 247
950 324 512
104 839 877
268 784 916
717 332 904
588 402 710
24 436 405
96 21 956
612 565 21
27 161 906
803 558 531
465 71 597
219 582 768
518 674 896
940 183 825
2 431 910
497 155 210
787 349 770
846 600 940
486 169 847
259 518 160
189 531 860
806 262 430
295 116 281
656 833 738
285 308 766
420 380 628
214 16 511
637 21 583
818 378 193
786 194 56
35 872 308
642 426 893
887 317 604
341 669 919
519 817 262
540 527 816
198 385 376
242 400 317
895 281 659
900 412 561
804 998 75
282 539 720
251 492 114
385 653 810
4 391 361
73 83 42
78 899 645
658 330 479
943 653 561
628 482 620
768 134 877
214 836 679
283 453 390
90 279 888
402 68 453
64 809 963
875 87 100
892 776 469
265 40 787
125 539 951
495 712 461
704 238 585
943 686 19
665 172 127
341 995 931
994 961 530
741 663 462
393 854 660
191 140 880
332 509 126
4 522 379
186 891 495
710 437 836
640 4 476
430 140 492
626 976 413
15 213 78
444 365 130
495 170 571
821 606 716
147 566 950
182 197 881
961 756 973
548 610 213
805 70 193
385 852 918
320 556 183
905 476 763
263 449 526
871 907 34
610 112 367
806 23 251
253 468 544
223 708 677
947 788 70
999 768 677
934 685 940
992 809 927
559 404 996
949 570 778
735 130 333
695 833 887
224 153 468
989 784 959
217 31 413
622 223 184
426 321 481
497 396 1
854 965 686
942 869 448
140 620 367
757 647 201
63 599 673
950 768 779
793 517 271
268 697 74
769 303 710
948 861 64
600 734 749
308 259 673
345 977 100
461 964 467
1000 856 811
416 842 653
164 774 723
472 795 27
71 217 987
173 901 143
139 620 351
752 542 77
644 454 584
248 898 844
462 804 735
905 221 793
858 604 437
278 158 193
415 396 231
994 469 443
247 586 610
612 571 486
290 918 178
165 674 493
174 882 875
752 774 159
667 865 666
859 221 123
953 303 914
911 920 758
888 823 268
908 426 399
762 313 664
153 468 173
96 88 847
630 229 55
467 375 151
522 635 580
923 277 701
451 541 628
76 733 691
395 452 70
971 327 853
712 576 628
92 407 329
161 798 17
931 825 975
180 904 331
179 332 264
772 498 77
167 747 681
318 638 302
558 287 22
723 356 340
787 793 896
50 710 56
187 146 861
6 354 148
15 844 906
861 506 472
176 876 896
684 144 322
570 287 779
800 51 595
367 493 600
463 466 79
37 797 598
762 748 374
4 647 571
525 242 15
227 74 534
337 224 608
688 656 566
392 883 872
224 935 405
106 95 214
352 726 577
393 967 480
631 538 756
607 820 126
729 818 315
872 414 435
880 133 963
176 90 792
70 256 103
415 111 292
200 294 610
246 447 298
581 861 559
704 947 673
938 543 568
701 200 764
86 707 447
556 663 612
614 495 44
567 479 691
173 266 388
247 802 151
1 185 618
337 194 146
649 287 494
656 775 200
628 172 631
176 509 158
678 98 923
805 13 838
768 635 703
189 906 681
223 51 518
711 604 979
210 502 206
449 55 330
22 564 655
194 329 195
275 433 710
642 112 162
688 197 851
800 933 92
851 572 904
967 670 442
956 268 358
478 162 879
813 107 333
377 111 684
196 836 184
95 583 965
54 534 214
259 767 256
447 648 326
728 614 790
594 700 673
91 935 609
101 88 425
748 851 166
678 636 287
962 300 534
11 123 236
25 311 201
21 220 412
704 283 789
393 893 353
252 413 977
780 30 38
612 938 230
74 332 276
569 323 461
152 896 56
115 618 804
131 918 507
661 189 749
450 227 480
679 939 81
414 93 813
943 30 780
633 743 152
682 207 674
369 247 963
236 440 278
312 637 329
635 819 993
186 911 868
115 157 34
272 853 38
16 267 915
869 176 644
929 53 665
785 137 614
21 581 130
161 659 903
357 835 63
477 82 467
725 888 587
902 710 665
983 67 730
613 578 83
407 877 410
635 904 633
45 365 210
86 298 180
947 54 165
775 707 695
543 215 600
406 613 700
644 429 335
797 858 707
164 167 106
859 492 409
896 152 550
53 332 487
980 40 933
741 555 782
327 315 903
432 887 399
527 39 332
733 221 254
665 645 201
659 160 47
462 702 545
357 636 685
859 415 864
871 354 21
625 759 706
176 444 540
43 850 499
911 293 512
937 740 54
140 121 293
786 592 823
963 626 40
119 470 360
735 550 455
818 189 838
812 421 511
357 316 699
591 991 508
840 790 227
217 874 679
884 78 151
574 761 296
628 769 415
120 587 470
926 929 108
157 185 84
71 479 354
888 360 231
605 525 4
823 515 531
308 527 818
990 752 2
675 389 606
193 5 851
923 108 24
317 112 613
564 150 513
936 827 272
242 457 236
699 146 28
513 347 485
26 316 508
573 811 485
49 97 39
503 79 168
761 628 227
431 790 398
627 626 898
616 67 128
501 380 198
114 284 310
752 173 602
136 850 157
633 487 206
204 43 286
27 220 6
970 923 233
1000 711 99
83 846 545
298 746 371
132 462 547
96 512 884
547 687 567
734 537 260
497 674 744
22 867 120
228 578 499
484 166 865
127 421 811
883 654 805
698 692 654
667 109 198
408 69 119
559 802 385
536 645 11
854 637 103
356 750 835
677 341 647
980 787 870
883 763 114
895 316 525
95 473 492
490 952 503
452 650 276
559 227 3
971 742 34
514 190 163
117 775 896
146 268 70
709 460 347
915 266 508
911 878 757
414 818 863
718 283 65
700 206 464
956 809 814
152 853 807
268 526 853
736 290 472
787 2 424
17 342 34
763 878 558
811 469 899
333 735 478
686 292 308
491 132 3
83 679 82
609 197 632
591 629 967
307 97 300
216 266 29
436 145 957
371 344 788
495 185 157
95 914 326
404 619 661
618 538 744
533 429 412
932 586 493
319 740 92
548 254 330
349 512 933
295 897 341
174 914 483
664 450 962
401 573 27
185 716 972
999 969 505
231 263 971
283 272 65
814 716 496
683 829 97
619 337 557
22 50 912
469 90 488
572 910 708
474 903 429
502 145 27
494 113 514
50 147 418
32 980 278
715 135 809
380 781 796
959 26 772
284 934 68
283 178 154
235 834 829
897 487 413
385 766 774
879 516 477
164 999 708
447 707 18
336 136 284
913 628 80
823 676 737
575 808 342
852 565 563
403 118 761
600 384 540
631 594 946
159 439 669
578 70 820
702 711 955
362 952 621
996 180 860
261 91 221
352 92 696
141 467 504
269 294 648
432 58 240
457 923 650
113 182 252
485 721 655
117 528 998
270 42 378
779 536 447
241 910 77
436 260 490
389 151 962
258 686 347
451 479 196
577 805 868
632 196 922
207 213 945
575 443 462
622 320 132
43 618 763
35 230 286
394 723 953
291 557 459
643 4 63
973 363 604
959 886 587
363 875 142
48 605 296
218 929 892
501 233 367
319 216 876
932 171 545
386 879 257
630 362 622
816 606 314
837 397 434
7 22 783
745 590 625
432 179 195
943 921 361
808 209 485
146 529 15
626 993 829
373 155 205
15 368 745
857 133 218
506 693 425
554 803 460
119 664 690
321 902 951
327 779 90
372 53 8
281 646 499
385 373 902
408 826 353
265 62 654
496 667 950
720 914 207
772 85 568
140 572 336
914 810 37
861 279 606
350 242 469
937 950 435
306 256 976
182 202 568
351 742 505
600 366 179
443 644 892
746 210 126
965 825 1
711 292 382
847 991 632
273 85 874
684 150 955
180 908 943
200 13 509
858 769 224
628 951 260
169 906 405
125 109 150
533 513 327
107 646 233
96 83 203
473 78 252
442 82 281
483 231 644
138 207 640
560 236 767
362 37 31
870 852 825
210 869 954
387 434 578
93 919 281
352 585 865
120 215 287
253 583 141
916 182 956
197 562 726
891 743 493
566 46 617
713 862 733
28 570 983
447 113 691
47 697 710
723 77 902
676 957 237
744 787 552
350 590 776
159 314 470
677 105 222
509 57 746
987 541 227
235 245 958
665 313 570
449 893 370
580 40 355
93 538 602
948 137 500
797 551 798
646 741 920
172 271 821
649 473 994
59 992 631
4 200 961
357 639 504
566 724 663
487 444 701
700 557 616
425 175 284
674 449 472
263 448 119
95 789 926
549 873 662
13 45 445
277 346 592
448 551 88
435 38 907
288 318 698
802 712 79
968 857 609
679 353 388
470 587 662
862 434 694
121 55 673
53 104 468
402 851 619
301 443 669
233 299 702
849 782 785
851 515 127
500 365 352
817 726 49
967 366 895
796 996 505
197 285 142
173 462 331
332 817 259
848 972 199
608 582 28
702 977 273
829 252 71
29 700 359
138 17 562
414 153 717
839 227 305
856 554 196
587 341 532
674 185 446
175 938 417
905 425 947
106 218 869
830 599 698
555 517 51
831 894 669
772 140 207
293 154 18
672 300 273
950 316 326
398 773 789
872 951 422
438 972 694
783 395 935
758 851 277
793 142 874
466 812 63
393 684 913
9 403 168
271 667 992
379 413 170
830 8 778
305 197 301
739 282 63
151 525 860
672 362 660
350 994 230
715 211 812
918 797 694
36 395 11
551 379 712
774 638 776
311 552 288
607 845 478
441 547 97
681 857 729
370 862 169
200 586 298
575 278 157
393 752 868
383 777 46
29 445 523
890 235 786
906 812 571
501 622 761
650 409 835
643 367 462
878 583 658
686 368 156
750 482 655
56 780 917
177 751 712
537 506 806
687 577 511
428 321 999
875 90 484
943 307 221
241 628 694
138 3 594
391 825 732
803 501 965
114 997 474
371 203 12
843 824 381
508 88 632
402 434 909
837 321 308
768 229 783
693 260 95
24 358 877
399 41 401
661 400 840
536 750 249
127 726 88
107 188 315
245 258 364
966 900 130
130 22 11
252 274 314
33 816 211
474 763 797
804 85 757
1000 158 964
507 906 651
135 832 605
677 22 942
847 146 355
527 424 806
127 181 977
769 745 973
613 211 190
569 885 925
29 221 966
426 627 66
501 719 295
634 63 342
798 795 50
689 193 208
896 173 341
76 37 868
540 8 126
600 666 470
860 389 243
455 290 166
619 403 603
123 558 327
480 610 329
4 921 715
904 325 817
984 66 80
167 20 154
801 482 419
47 692 636
955 102 130
683 594 950
845 884 664
644 943 880
830 984 120
692 559 512
535 644 918
220 467 280
448 570 826
601 331 691
417 997 999
509 117 417
388 146 842
727 989 105
786 81 52
580 888 700
333 106 461
696 583 637
859 927 688
374 449 892
232 640 110
366 370 738
793 789 86
649 192 853
290 94 127
385 483 147
564 225 694
140 1 478
515 900 233
533 53 517
615 859 179
916 659 344
299 892 806
351 455 882
584 693 536
289 280 656
27 471 364
650 377 367
785 590 715
273 221 234
470 247 467
725 155 297
304 867 258
675 4 678
192 717 58
16 542 507
755 247 981
15 319 536
894 908 646
119 39 4
807 269 107
412 119 739
304 165 868
118 799 855
274 907 920
10 774 301
901 165 33
69 871 922
583 82 70
945 456 945
109 253 559
518 980 924
257 172 3
730 600 313
555 32 937
126 655 297
779 597 747
206 170 523
388 858 194
897 576 264
823 206 407
236 271 882
599 467 89
251 575 333
685 165 406
586 518 646
866 475 200
66 477 885
569 377 398
313 460 556
480 323 291
876 777 647
989 684 13
139 577 512
36 17 266
118 777 851
523 531 917
844 205 849
588 172 422
384 870 916
196 307 808
803 691 156
452 720 11
803 110 865
981 411 665
492 799 909
10 260 303
648 402 295
188 937 818
525 555 648
282 403 633
828 994 312
308 512 589
807 79 197
667 279 437
266 926 648
901 650 799
919 111 261
953 587 63
177 438 409
231 802 858
293 474 503
221 938 678
207 660 76
809 908 290
212 568 560
571 99 596
693 441 362
925 329 419
298 683 497
394 792 739
941 806 923
63 493 897
505 290 130
890 582 994
752 956 999
559 234 496
742 778 239
297 167 49
972 398 194
11 906 925
146 159 321
14 517 386
732 334 269
192 631 949
735 834 855
938 713 849
394 349 361
290 31 629
876 739 470
403 629 949
418 335 910
290 126 354
955 832 775
676 61 919
456 958 61
400 427 106
698 671 535
226 860 74
357 927 538
346 568 163
305 41 132
64 29 492
5 146 701
436 947 131
914 800 581
790 745 941
452 398 266
512 153 903
799 251 586
117 400 942
937 389 814
936 685 848
183 919 229
927 803 636
586 507 596
954 604 228
19 808 224
885 464 117
369 909 785
580 93 657
288 392 409
240 102 226
31 24 324
440 534 679
500 280 411
676 379 758
591 39 538
298 353 934
845 557 766
986 84 462
102 602 920
352 745 94
1000 910 433
526 836 258
353 140 849
321 150 646
271 611 302
977 311 578
759 515 698
393 88 792
846 472 149
608 593 965
935 542 691
324 699 587
679 58 741
188 26 423
76 186 783
170 119 705
699 225 368
427 813 673
776 501 39
59 779 626
267 168 62
855 480 286
182 576 708
323 986 225
327 353 308
966 397 651
428 871 948
223 726 70
950 540 661
971 521 78
616 746 478
688 971 291
23 178 313
923 124 787
305 329 703
56 510 724
631 525 468
106 890 427
384 140 911
627 807 505
803 794 594
119 425 974
904 89 631
96 300 126
255 978 305
798 156 579
355 26 206
520 944 956
783 638 975
701 926 821
439 390 444
575 963 961
118 569 492
169 202 9
200 47 541
681 290 679
876 147 130
274 578 926
23 484 697
991 209 417
500 571 172
364 429 500
978 856 995
738 136 899
518 524 76
384 318 472
261 396 104
927 131 698
474 516 729
899 826 567
273 16 642
581 622 146
326 754 511
221 537 537
323 399 948
427 304 895
961 182 377
660 736 888
735 132 592
861 86 695
16 85 500
58 93 42
261 368 823
696 443 534
192 277 541
470 516 603
109 942 583
436 494 97
20 246 629
239 666 783
279 513 700
138 700 936
800 242 562
950 263 559
733 644 911
63 902 894
598 886 954
484 32 113
396 82 859
784 277 283
97 666 115
977 197 29
296 408 513
190 620 188
808 982 886
464 384 790
751 136 690
980 919 545
892 118 28
671 206 998
456 824 93
151 170 928
645 631 720
531 954 686
996 898 272
14 716 736
265 75 823
644 871 764
92 981 19
379 29 137
437 490 789
790 61 366
645 420 138
528 21 962
41 553 409
576 288 110
585 37 19
93 550 315
646 455 410
248 468 383
200 734 280
265 140 941
451 766 667
958 53 407
718 723 503
872 507 702
680 832 933
80 774 45
293 795 103
517 48 402
569 570 571
631 815 510
221 869 141
296 828 31
422 901 715
136 267 282
402 437 319
681 206 336
465 155 339
878 450 213
567 563 616
477 800 516
10 279 521
998 52 923
881 37 397
745 157 120
535 144 831
691 967 803
702 180 462
902 136 107
247 751 766
683 946 128
239 990 952
268 375 352
72 176 737
130 481 84
35 658 937
146 993 57
38 214 492
518 171 558
597 241 477
749 525 314
327 802 934
403 546 350
359 787 593
70 772 909
68 6 885
872 450 463
784 344 765
105 497 389
737 653 793
722 174 692
804 609 566
340 95 789
888 269 666
456 742 646
291 958 132
166 19 409
178 831 493
342 268 541
876 897 272
504 492 973
24 246 572
246 672 838
626 394 890
944 263 413
152 736 989
540 306 700
366 53 801
940 103 757
555 530 637
210 392 922
622 634 836
947 876 811
926 647 821
684 351 168
431 243 656
427 26 137
38 81 861
652 967 339
526 44 681
951 101 632
216 41 40
793 1 507
308 182 342
447 210 338
425 908 992
899 891 832
722 212 967
957 985 886
291 767 371
874 663 788
362 995 602
485 65 754
569 741 541
841 440 639
481 251 150
237 84 932
700 622 862
141 783 151
65 499 662
822 405 601
566 506 599
267 372 671
642 269 170
177 254 98
942 647 712
1 919 938
386 421 426
422 621 820
828 56 205
139 704 824
92 792 340
673 761 248
391 735 178
74 93 680
743 867 374
222 753 915
244 132 659
584 380 951
872 58 799
311 821 982
9 350 288
999 825 496
114 266 955
676 777 353
442 58 313
355 930 69
771 1 757
115 206 468
915 418 414
413 744 357
874 37 209
536 82 222
447 592 769
553 399 678
703 506 745
222 578 906
608 451 703
251 209 358
875 185 815
822 207 894
134 882 403
446 135 541
185 677 516
752 78 638
797 23 381
613 345 797
469 927 377
193 875 337
705 669 827
446 672 884
443 421 723
141 992 882
125 13 310
28 465 873
242 415 955
476 698 275
244 742 223
892 940 302
546 915 237
570 533 797
278 420 171
971 221 566
2 154 17
930 24 387
78 27 236
78 650 64
702 2 792
194 858 640
507 652 897
625 917 682
241 381 160
965 206 894
389 998 872
132 620 753
127 387 491
925 116 953
698 369 370
524 694 697
237 75 252
64 810 252
673 40 279
638 120 616
452 296 875
685 122 754
13 205 579
802 264 688
251 898 346
463 373 319
310 666 1
470 392 692
92 98 625
850 56 145
692 724 814
727 215 979
281 323 14
796 501 161
772 75 784
136 652 747
311 549 48
693 100 391
575 176 711
148 708 192
219 540 381
898 587 957
297 174 956
974 637 598
244 673 281
487 403 490
870 573 177
53 275 243
33 775 489
947 332 139
747 19 265
528 194 73
995 969 592
209 299 677
707 404 552
296 405 499
645 850 761
388 194 190
408 956 373
622 789 694
314 949 918
763 232 949
413 138 495
963 765 122
543 463 480
798 330 672
648 792 588
935 821 593
746 2 751
343 706 533
637 664 641
748 517 655
242 172 516
309 629 50
528 665 927
732 252 155
713 655 868
221 91 65
282 915 146
744 728 325
231 170 927
826 530 79
495 408 423
699 488 57
712 632 249
695 539 948
287 340 229
319 40 819
319 392 648
107 864 120
883 997 156
567 292 708
356 773 854
69 981 332
817 879 445
252 880 12
243 943 352
8 335 183
27 954 290
900 390 873
839 586 343
560 770 586
868 861 191
344 16 399
438 5 727
758 694 206
28 751 216
845 184 608
718 518 510
705 259 405
485 548 396
742 430 390
904 389 526
326 268 983
758 261 858
416 177 543
786 238 654
993 481 382
791 75 922
742 361 257
99 91 877
884 97 708
742 734 934
502 644 238
745 170 440
160 847 932
401 497 978
309 70 689
535 114 149
138 955 790
732 433 688
670 782 498
125 52 72
785 548 55
332 918 481
761 846 776
95 448 61
981 916 57
708 736 488
970 506 549
290 278 966
770 988 991
383 958 896
23 260 838
515 471 671
781 489 364
343 428 833
694 862 610
714 643 656
366 998 172
309 83 254
38 993 139
503 732 138
159 451 619
569 598 147
542 13 964
251 803 420
844 838 301
12 257 180
139 49 754
265 546 279
541 408 886
91 589 279
871 469 254
61 289 849
944 762 892
446 162 638
118 917 394
197 893 150
586 976 834
217 717 799
514 641 746
471 550 197
39 214 750
305 882 623
162 834 397
298 977 25
328 450 29
98 315 310
998 958 516
304 998 302
942 658 798
816 779 627
511 831 354
444 547 542
12 31 116
613 580 698
317 615 206
720 240 507
26 121 208
618 528 684
353 105 293
210 484 271
511 684 463
400 270 487
36 348 100
807 249 394
62 522 800
977 795 335
672 880 117
887 947 515
589 402 65
473 276 133
30 901 839
915 783 434
162 337 59
626 393 399
799 504 51
803 146 445
352 184 923
536 516 175
472 537 692
140 56 448
801 653 882
409 914 287
64 43 815
834 519 17
396 485 64
161 394 956
140 323 692
545 578 684
96 330 405
76 621 738
157 420 420
537 930 468
682 392 880
228 652 128
223 897 404
371 715 395
348 638 164
117 656 860
206 348 369
774 667 27
414 498 415
366 326 402
821 718 108
287 257 645
274 917 741
146 202 824
944 895 808
351 435 369
571 801 518
744 486 477
779 256 906
886 400 382
119 871 571
71 186 491
665 230 153
440 544 380
669 773 854
469 311 145
770 360 790
430 513 135
240 719 91
361 183 61
55 988 806
648 28 407
396 380 562
110 168 250
400 951 638
841 71 509
336 612 47
338 761 509
105 211 598
322 325 447
126 112 612
520 267 982
640 109 777
331 83 767
839 210 141
482 732 812
130 62 700
886 516 823
347 957 189
242 633 192
727 890 870
518 447 665
792 431 919
834 394 575
116 31 95
496 503 798
368 934 551
298 395 721
719 71 277
159 340 853
896 9 451
265 344 759
688 536 842
333 977 438
567 112 996
87 504 292
751 763 218
80 535 431
588 341 802
305 998 890
888 92 972
531 407 885
963 403 679
61 988 640
991 513 407
798 973 542
809 167 515
673 745 585
800 638 783
584 508 22
750 622 840
55 461 528
645 871 704
555 445 824
740 543 735
691 282 954
582 54 91
160 492 864
902 250 979
142 198 300
413 455 799
524 420 29
530 383 812
237 799 406
760 993 482
82 354 35
353 59 39
701 909 159
210 639 200
729 920 825
918 184 924
33 431 154
836 583 523
489 852 575
503 380 545
391 239 73
753 418 268
58 472 380
160 365 334
575 408 912
688 149 906
477 515 999
958 539 977
245 426 317
541 447 864
62 9 892
443 181 506
912 234 286
298 411 916
521 286 448
317 847 329
4 64 194
25 792 181
628 481 823
396 115 791
612 419 963
38 326 701
309 719 93
716 775 611
930 120 915
396 306 512
276 573 324
400 431 126
123 996 535
133 317 700
747 810 637
32 292 202
342 958 209
862 505 969
485 956 729
661 380 286
701 65 873
130 469 635
596 323 905
18 299 237
775 312 318
638 523 518
415 819 172
637 946 705
964 506 73
326 951 530
363 414 616
607 934 394
617 825 874
182 90 656
424 778 436
8 11 915
310 22 398
659 239 731
591 151 789
95 354 999
326 663 784
371 845 258
521 739 599
201 528 640
62 805 807
490 357 581
555 650 237
944 464 937
16 175 832
631 501 63
304 864 772
334 180 509
378 931 324
527 366 867
367 697 780
690 39 255
714 623 756
609 354 707
302 852 400
546 133 483
124 763 132
330 258 525
862 852 248
98 726 29
455 641 741
954 870 790
872 239 803
437 968 465
603 759 991
822 869 828
735 338 722
266 437 788
639 324 454
183 918 414
40 733 290
672 852 841
226 842 291
988 807 432
319 187 505
573 307 174
791 876 725
660 22 740
515 5 661
228 124 656
894 400 505
647 414 523
140 624 249
606 903 333
264 191 783
109 548 877
955 756 120
723 968 745
330 75 823
807 418 677
889 255 878
64 521 923
725 160 659
397 75 633
12 785 60
707 114 633
188 958 333
328 694 40
407 257 844
717 512 161
359 678 772
330 847 901
721 697 5
727 475 858
575 731 386
306 740 75
376 990 385
593 235 402
475 372 530
924 109 834
662 787 820
951 342 762
281 735 359
321 391 473
731 766 359
270 650 839
432 336 711
11 370 349
685 938 309
206 369 75
333 923 281
85 257 322
781 799 628
648 157 363
907 822 884
248 769 567
196 8 384
170 505 594
576 587 330
577 93 903
269 332 996
504 306 670
477 325 516
521 72 741
995 839 393
837 165 498
190 809 502
421 499 128
757 770 939
387 514 709
682 230 885
456 81 816
368 145 410
64 816 609
300 376 448
982 113 223
118 539 206
362 818 670
962 938 12
99 667 388
813 175 214
596 417 272
541 427 492
555 102 356
499 805 505
937 20 238
682 323 368
227 368 922
15 259 685
202 357 509
400 22 660
264 247 49
378 434 832
395 165 397
722 120 924
455 847 368
375 737 69
194 314 554
806 210 429
676 860 693
656 760 353
442 950 246
694 44 823
432 914 333
803 151 558
453 995 965
758 100 874
125 594 692
668 272 542
202 21 394
335 830 157
444 407 360
507 75 587
214 120 352
483 580 982
745 249 859
465 113 638
357 572 732
769 152 222
269 409 897
982 795 78
435 813 217
715 279 84
453 310 294
718 884 434
798 207 556
325 713 860
737 622 620
917 796 618
782 545 265
207 320 665
248 408 436
959 871 930
424 360 998
366 429 304
243 241 139
445 942 664
32 255 279
120 161 54
615 124 663
748 45 240
518 116 106
766 706 708
494 679 811
711 845 149
938 182 548
270 548 56
481 499 775
31 242 506
275 821 628
321 51 791
759 780 332
545 399 480
757 482 775
857 783 906
273 401 14
201 985 466
993 97 427
486 7 654
730 893 747
453 258 663
609 643 856
370 89 88
377 694 740
483 232 95
868 944 84
987 257 984
33 973 929
319 254 97
968 131 447
432 920 179
379 191 874
351 153 291
678 343 503
975 216 991
987 226 691
449 989 891
674 235 308
438 909 866
184 923 769
479 161 941
163 321 846
64 790 275
528 23 242
536 224 477
384 596 454
122 596 509
452 448 146
202 490 479
668 579 355
446 466 329
472 810 99
198 427 564
708 320 231
854 183 354
902 238 85
436 187 623
486 141 385
116 960 446
859 982 39
992 654 496
452 89 116
632 145 523
178 321 620
933 804 272
458 182 648
651 566 959
800 72 290
520 148 237
581 70 759
572 341 572
881 26 63
247 589 967
205 703 299
624 927 874
393 268 285
563 254 228
252 387 743
319 423 287
317 276 344
491 135 609
687 172 588
875 506 300
755 647 742
74 743 113
901 216 509
571 368 433
264 833 903
26 295 178
630 472 684
281 226 435
761 188 445
882 7 469
934 823 615
8 245 900
372 12 989
342 960 413
507 728 134
753 990 491
336 970 375
805 258 188
611 408 14
911 238 181
890 118 834
472 159 121
689 374 571
201 280 412
386 994 988
777 304 557
89 943 578
983 913 710
493 52 58
530 335 880
19 246 365
487 407 912
52 27 843
615 405 911
501 667 562
554 590 67
198 5 954
85 565 544
292 770 830
